18 0.2421875 0.2765625 0.065625 0.02421875
18 0.496875 0.2015625 0.06875 0.02578125
18 0.2421875 0.6234375 0.06953125 0.0203125
19 0.24140625 0.2984375 0.04140625 0.0296875
19 0.49765625 0.228125 0.03828125 0.0296875
19 0.2390625 0.6453125 0.04921875 0.028125
12 0.21640625 0.19609375 0.01640625 0.02578125
13 0.21484375 0.5484375 0.015625 0.03359375
4 0.57734375 0.7265625 0.04375 0.10546875
5 0.62265625 0.725 0.04375 0.10546875
17 0.32734375 0.24921875 0.04375 0.03125
17 0.5828125 0.23359375 0.04453125 0.0296875
17 0.32734375 0.60703125 0.05 0.03359375
15 0.49921875 0.31171875 0.06640625 0.03125
9 0.94921875 0.81875 0.075 0.0484375
2 0.740625 0.90703125 0.09140625 0.05546875
0 0.83828125 0.90625 0.090625 0.0609375
3 0.93984375 0.90703125 0.10078125 0.059375
11 0.49921875 0.78203125 0.04453125 0.03125