4 0.5765625 0.725 0.04296875 0.10546875
5 0.6234375 0.7265625 0.040625 0.10546875
17 0.32890625 0.246875 0.04453125 0.02421875
17 0.58359375 0.23046875 0.04609375 0.02421875
10 0.5015625 0.61484375 0.04921875 0.0296875
15 0.49765625 0.30625 0.06328125 0.03125
19 0.5 0.228125 0.04765625 0.02578125
19 0.2421875 0.296875 0.04296875 0.028125
19 0.24140625 0.6453125 0.03984375 0.028125
11 0.49921875 0.78515625 0.04375 0.03359375
18 0.49609375 0.20078125 0.06640625 0.02421875
18 0.23984375 0.271875 0.06171875 0.02578125
18 0.2390625 0.621875 0.05703125 0.0296875
12 0.471875 0.12890625 0.02265625 0.028125
13 0.21796875 0.1953125 0.015625 0.028125
9 0.94921875 0.82109375 0.07578125 0.04609375
3 0.93984375 0.90390625 0.10234375 0.06328125
1 0.83828125 0.90703125 0.08984375 0.0515625
2 0.740625 0.90703125 0.09375 0.059375