15 0.4984375 0.3109375 0.06796875 0.040625
10 0.50234375 0.61171875 0.04765625 0.0390625
17 0.328125 0.24609375 0.04765625 0.03359375
17 0.67265625 0.2484375 0.05078125 0.03671875
19 0.50234375 0.228125 0.05234375 0.03359375
19 0.7515625 0.296875 0.05546875 0.0390625
19 0.2421875 0.29609375 0.05546875 0.03671875
18 0.4984375 0.2 0.06953125 0.02578125
18 0.24296875 0.271875 0.059375 0.021875
18 0.75 0.275 0.07109375 0.02421875
11 0.49765625 0.78359375 0.04453125 0.021875
4 0.57734375 0.7265625 0.04296875 0.109375
5 0.6234375 0.72578125 0.04296875 0.1109375