19 0.7515625 0.2953125 0.04921875 0.03125
19 0.23984375 0.64375 0.046875 0.03515625
11 0.49609375 0.7796875 0.03203125 0.03359375
13 0.4734375 0.68203125 0.01796875 0.03125
12 0.21640625 0.546875 0.01953125 0.028125
15 0.5 0.30859375 0.1125 0.03125
6 0.40625 0.46640625 0.04375 0.10703125
7 0.4515625 0.465625 0.04453125 0.10546875
8 0.50078125 0.465625 0.04296875 0.11640625
4 0.5765625 0.72578125 0.04296875 0.10703125
5 0.625 0.7234375 0.04375 0.109375
18 0.75078125 0.27109375 0.05625 0.02421875
18 0.24453125 0.61484375 0.065625 0.03359375