18 0.4984375 0.20390625 0.06953125 0.02578125
18 0.75078125 0.27109375 0.071875 0.03125
18 0.24140625 0.27421875 0.06875 0.021875
18 0.2421875 0.621875 0.06796875 0.021875
19 0.49765625 0.221875 0.046875 0.02578125
19 0.24453125 0.296875 0.05078125 0.03125
19 0.24140625 0.646875 0.05390625 0.028125
19 0.75390625 0.6453125 0.04296875 0.028125
18 0.7515625 0.61640625 0.06328125 0.0296875
17 0.58359375 0.23046875 0.05078125 0.028125
17 0.32734375 0.2484375 0.04609375 0.03671875
17 0.3265625 0.60625 0.04921875 0.03515625
17 0.5 0.61484375 0.05859375 0.0296875
17 0.67265625 0.60859375 0.040625 0.03125
15 0.5 0.31328125 0.05859375 0.03359375
11 0.49765625 0.78046875 0.04296875 0.03125
4 0.57890625 0.72890625 0.04296875 0.109375
5 0.6234375 0.72578125 0.040625 0.10390625