15 0.4984375 0.31015625 0.078125 0.0390625
6 0.40703125 0.465625 0.04375 0.109375
7 0.45390625 0.46484375 0.04453125 0.1109375
8 0.50234375 0.4640625 0.04375 0.11328125
16 0.54765625 0.465625 0.04140625 0.109375
14 0.59296875 0.46484375 0.04453125 0.1109375
18 0.24140625 0.27421875 0.06484375 0.01875
18 0.75078125 0.275 0.065625 0.02421875
18 0.2421875 0.6203125 0.06953125 0.0296875
18 0.75234375 0.6234375 0.06796875 0.01640625
19 0.7515625 0.6453125 0.034375 0.028125
19 0.23984375 0.64609375 0.040625 0.02578125
19 0.2421875 0.29453125 0.01796875 0.02578125
19 0.75625 0.29609375 0.04375 0.0296875
4 0.57734375 0.72890625 0.04375 0.109375
5 0.625 0.72890625 0.04140625 0.109375
11 0.5 0.78125 0.04140625 0.03359375