6 0.40703125 0.465625 0.040625 0.10546875
7 0.45390625 0.4640625 0.0421875 0.10859375
8 0.5 0.465625 0.04296875 0.10859375
4 0.57734375 0.72734375 0.03984375 0.10390625
5 0.62421875 0.72734375 0.03984375 0.10703125
18 0.2421875 0.271875 0.06796875 0.02109375
18 0.4984375 0.2015625 0.06875 0.028125
18 0.7515625 0.271875 0.06953125 0.0265625
15 0.49921875 0.31171875 0.115625 0.02890625
11 0.4984375 0.784375 0.05703125 0.02890625
19 0.24296875 0.29609375 0.04453125 0.03046875
19 0.7515625 0.29765625 0.053125 0.0265625
19 0.49921875 0.225 0.05 0.025
19 0.75390625 0.64453125 0.05078125 0.028125
19 0.24453125 0.646875 0.04921875 0.028125
13 0.4734375 0.6828125 0.01640625 0.0234375
12 0.21640625 0.546875 0.01875 0.0265625
18 0.7515625 0.61875 0.06640625 0.0234375