15 0.50078125 0.3140625 0.11328125 0.03125
19 0.24140625 0.2953125 0.02890625 0.028125
19 0.49921875 0.2265625 0.028125 0.028125
19 0.75234375 0.29296875 0.021875 0.02578125
19 0.24140625 0.64609375 0.02265625 0.02578125
11 0.49921875 0.78125 0.04921875 0.03359375
6 0.40703125 0.46484375 0.04375 0.1109375
7 0.4515625 0.465625 0.04453125 0.11328125
8 0.49921875 0.465625 0.040625 0.10546875
4 0.57578125 0.72578125 0.03984375 0.10390625
5 0.62421875 0.7265625 0.040625 0.11328125
18 0.24375 0.6234375 0.06015625 0.028125
12 0.215625 0.5453125 0.01640625 0.03125
13 0.47265625 0.68203125 0.02109375 0.028125