6 0.40703125 0.465625 0.04453125 0.10546875
7 0.45234375 0.46640625 0.040625 0.1109375
8 0.50078125 0.4640625 0.04375 0.109375
16 0.54765625 0.46484375 0.04296875 0.10703125
14 0.59296875 0.46328125 0.040625 0.10703125
13 0.2171875 0.196875 0.015625 0.028125
12 0.72421875 0.1984375 0.015625 0.02578125
15 0.5 0.3109375 0.14140625 0.03671875
18 0.24296875 0.27109375 0.06953125 0.028125
18 0.75078125 0.2734375 0.065625 0.02421875
18 0.24296875 0.61953125 0.06953125 0.02421875
18 0.75234375 0.6203125 0.06875 0.02578125
4 0.57578125 0.72421875 0.04140625 0.10703125
5 0.6234375 0.725 0.040625 0.10546875
19 0.24140625 0.6484375 0.04453125 0.0296875
19 0.24375 0.296875 0.04375 0.02421875
19 0.7515625 0.29921875 0.05546875 0.02421875
19 0.75078125 0.646875 0.04140625 0.028125
11 0.49921875 0.78359375 0.034375 0.03359375