15 0.50234375 0.3109375 0.12109375 0.040625
18 0.24296875 0.2734375 0.06796875 0.02421875
18 0.496875 0.2 0.06875 0.021875
18 0.7515625 0.2734375 0.06796875 0.03125
18 0.74921875 0.6203125 0.06796875 0.01875
18 0.24296875 0.6234375 0.07109375 0.02421875
19 0.24453125 0.64296875 0.05 0.03359375
19 0.24296875 0.296875 0.03828125 0.028125
19 0.50078125 0.225 0.04296875 0.03125
19 0.75078125 0.29609375 0.04453125 0.03359375
19 0.75234375 0.6484375 0.05546875 0.03359375
11 0.4984375 0.78125 0.059375 0.0296875
6 0.40703125 0.465625 0.040625 0.10546875
7 0.453125 0.46484375 0.04140625 0.1109375
8 0.50078125 0.46640625 0.04453125 0.1109375