19 0.49921875 0.2265625 0.04296875 0.03125
19 0.24375 0.29921875 0.03984375 0.03125
19 0.24140625 0.64609375 0.046875 0.0296875
18 0.24140625 0.275 0.06484375 0.02421875
18 0.2421875 0.62109375 0.06171875 0.028125
18 0.49609375 0.20078125 0.06953125 0.028125
11 0.49921875 0.78359375 0.04609375 0.0296875
15 0.50078125 0.31328125 0.07109375 0.03671875
17 0.3265625 0.246875 0.05078125 0.028125
17 0.58203125 0.23359375 0.04921875 0.040625
17 0.32734375 0.6046875 0.04765625 0.0390625
4 0.5765625 0.72578125 0.04296875 0.10390625
5 0.6234375 0.728125 0.04296875 0.10703125
2 0.74296875 0.9109375 0.09375 0.05546875
0 0.83828125 0.90859375 0.09296875 0.05703125
3 0.93984375 0.9109375 0.10078125 0.059375
9 0.94765625 0.8203125 0.07890625 0.04453125
12 0.21796875 0.1984375 0.01640625 0.02578125
13 0.21796875 0.546875 0.01875 0.03515625