15 0.5 0.31015625 0.11875 0.0390625
19 0.240625 0.29609375 0.05234375 0.021875
19 0.50234375 0.2265625 0.05625 0.028125
19 0.75390625 0.2984375 0.05078125 0.0296875
19 0.75390625 0.6484375 0.04921875 0.0296875
19 0.24375 0.65 0.04609375 0.03359375
18 0.2421875 0.62421875 0.07421875 0.021875
18 0.24140625 0.27421875 0.065625 0.02578125
18 0.49765625 0.20390625 0.06953125 0.02578125
18 0.75078125 0.26953125 0.06484375 0.02421875
18 0.7515625 0.62109375 0.065625 0.028125
4 0.57578125 0.7265625 0.04140625 0.10546875
5 0.62421875 0.728125 0.04140625 0.10703125
11 0.50234375 0.78125 0.04921875 0.02578125