49 0.24166875000000002 0.6185222222222222 0.07083125000000003 0.029633333333333414
50 0.2421875 0.6444444444444445 0.04479374999999997 0.029633333333333414
48 0.32604374999999997 0.6046333333333332 0.04791875000000001 0.03518888888888897
51 0.3265625 0.24814444444444445 0.046875 0.037033333333333314
52 0.2421875 0.26944444444444443 0.06770625000000002 0.027777777777777776
53 0.24166875000000002 0.2972222222222222 0.045831250000000025 0.027777777777777776
54 0.58385625 0.22870000000000001 0.046875 0.03518888888888891
55 0.49635625 0.20092222222222222 0.071875 0.024077777777777795
56 0.49895625000000005 0.22407777777777776 0.047918750000000045 0.029633333333333352
58 0.7505187499999999 0.2703666666666667 0.06979375000000004 0.025922222222222204
59 0.75104375 0.2990777777777778 0.045831249999999955 0.03147777777777779
60 0.6713562500000001 0.6046333333333332 0.04479375000000005 0.03518888888888897
61 0.75260625 0.617588888888889 0.06979375000000004 0.027777777777777776
62 0.7515625 0.6444444444444445 0.04270624999999995 0.03333333333333333
31 0.584375 0.045366666666666666 0.1 0.03147777777777778
42 0.49948125 0.31203333333333333 0.061456249999999955 0.035188888888888846
33 0.5015625 0.6148111111111112 0.046875 0.03333333333333333
34 0.496875 0.7805555555555556 0.03541875000000005 0.03518888888888897