31 0.58125 0.04081111111111111 0.0925 0.026811111111111105
55 0.49729375 0.20122222222222222 0.06708124999999995 0.03207777777777778
56 0.49791874999999997 0.2316 0.07083124999999996 0.030611111111111124
36 0.47333125000000004 0.6843111111111111 0.021668750000000046 0.038255555555555626
35 0.21583125 0.5483555555555555 0.021668749999999973 0.046333333333333386
42 0.49666875 0.3131111111111111 0.12333124999999995 0.03362222222222221
34 0.4975 0.7839666666666667 0.065 0.0375555555555555
49 0.24125 0.6216999999999999 0.0675 0.03303333333333335
50 0.24083125 0.6498555555555555 0.06666874999999997 0.0360111111111112
53 0.24208125 0.29235555555555554 0.06416874999999997 0.03656666666666663
52 0.24416875000000002 0.2697666666666666 0.06833125000000002 0.031377777777777754
61 0.75104375 0.6213333333333334 0.06958124999999996 0.03673333333333327
62 0.75166875 0.6439333333333332 0.07333124999999996 0.03304444444444445
6 0.57375 0.6920888888888889 0.0375 0.04047777777777785
8 0.58270625 0.7461777777777777 0.032918750000000045 0.06865555555555551
11 0.6227062499999999 0.6928333333333333 0.04291874999999998 0.033066666666666654
13 0.6272937500000001 0.7450666666666667 0.037081250000000024 0.06198888888888885
16 0.40416874999999997 0.4327666666666667 0.04333124999999995 0.04627777777777775
17 0.41104375 0.48463333333333336 0.03458124999999995 0.07001111111111111
21 0.44770625000000003 0.43128888888888894 0.032918750000000045 0.043311111111111134
22 0.45541875 0.4842666666666666 0.030831249999999956 0.06482222222222225
26 0.49208125 0.42943333333333333 0.029168750000000045 0.03515555555555554
30 0.50375 0.48463333333333336 0.0325 0.07001111111111111