36 0.21854375 0.19974444444444445 0.024581250000000027 0.038011111111111086
35 0.7258312499999999 0.19937777777777776 0.021668750000000046 0.041711111111111136
31 0.580625 0.03933333333333333 0.09375 0.032744444444444444
42 0.49916875 0.3123666666666667 0.05833124999999995 0.032133333333333285
34 0.50145625 0.7787777777777778 0.07041875000000004 0.036077777777777806
33 0.50333125 0.6161444444444444 0.046668750000000044 0.035255555555555575
49 0.24270624999999998 0.6176222222222222 0.07291874999999998 0.038222222222222324
50 0.24208125 0.6494888888888889 0.07416874999999998 0.030822222222222233
52 0.2425 0.2734666666666667 0.07 0.029888888888888864
53 0.24125 0.29717777777777776 0.0675 0.03286666666666668
51 0.3275 0.24938888888888888 0.055 0.030622222222222224
58 0.750625 0.27049999999999996 0.06375 0.03285555555555558
59 0.75166875 0.2934777777777778 0.06333124999999995 0.04324444444444443
57 0.67291875 0.24605555555555556 0.045831249999999955 0.03728888888888889
61 0.7525 0.6228111111111111 0.06666875000000004 0.03673333333333327
62 0.751875 0.6454111111111112 0.06625 0.0360111111111112
60 0.67291875 0.6068777777777778 0.045831249999999955 0.030066666666666606
6 0.57583125 0.6898666666666666 0.041668750000000046 0.044922222222222294
9 0.58125 0.7450666666666667 0.0375 0.07087777777777773
11 0.62458125 0.6909777777777778 0.04416874999999997 0.04270000000000007
13 0.62895625 0.7476666666666666 0.03541874999999997 0.07162222222222227