49 0.24166875000000002 0.617588888888889 0.06666874999999997 0.03518888888888897
50 0.240625 0.6481444444444445 0.047918749999999975 0.029633333333333414
52 0.24323125 0.2703666666666667 0.06979374999999997 0.025922222222222204
53 0.2421875 0.3009222222222222 0.05104374999999997 0.03147777777777783
55 0.49791874999999997 0.20092222222222222 0.07083124999999996 0.024077777777777795
56 0.49739375 0.225 0.046875 0.03147777777777776
61 0.75104375 0.617588888888889 0.07083124999999996 0.024077777777777858
62 0.75 0.6490777777777778 0.041668750000000046 0.031477777777777695
16 0.39635624999999997 0.4305555555555556 0.026043750000000046 0.03888888888888889
17 0.41041875 0.4861111111111111 0.03333124999999995 0.06111111111111111
21 0.446875 0.42963333333333337 0.029168750000000045 0.037033333333333376
22 0.4546875 0.4898111111111111 0.034375 0.06111111111111111
26 0.4921875 0.42869999999999997 0.023956249999999953 0.03888888888888889
30 0.50573125 0.4851888888888889 0.034375 0.07407777777777773
6 0.57083125 0.6944444444444444 0.029168750000000045 0.044444444444444446
8 0.5817687500000001 0.7463 0.034375 0.07036666666666659
11 0.61666875 0.6925888888888889 0.027081249999999956 0.03333333333333333
13 0.62604375 0.7444444444444445 0.03750000000000007 0.06666666666666667
42 0.49895625000000005 0.30925555555555556 0.11041875000000005 0.037033333333333376
31 0.5807312499999999 0.0463 0.09479375000000005 0.040744444444444444