52 0.2421875 0.2703666666666667 0.065625 0.03333333333333337
53 0.2421875 0.2963 0.046875 0.02963333333333332
55 0.496875 0.2 0.07291875000000005 0.029633333333333352
56 0.5015625 0.23055555555555557 0.04895624999999995 0.03147777777777776
58 0.7515625 0.2703666666666667 0.071875 0.029633333333333352
59 0.7505187499999999 0.2990777777777778 0.04895624999999995 0.03147777777777779
36 0.7265625 0.19814444444444446 0.021875 0.025922222222222204
61 0.75104375 0.6166666666666667 0.06666875000000004 0.029633333333333414
62 0.7494812500000001 0.6463 0.03854375000000004 0.029633333333333414
34 0.49635625 0.7796333333333333 0.03854375000000004 0.029633333333333414
42 0.5015625 0.3111111111111111 0.10520624999999996 0.03333333333333333
16 0.39791875 0.42963333333333337 0.025 0.037033333333333376
18 0.40989375 0.4870333333333333 0.032293750000000045 0.06666666666666667
21 0.4453125 0.43147777777777774 0.026043750000000046 0.037033333333333376
22 0.45625 0.4861111111111111 0.03541875000000005 0.06481111111111115
26 0.48958125 0.42869999999999997 0.022918750000000047 0.035188888888888846
29 0.503125 0.4851888888888889 0.03541875000000005 0.07036666666666672
43 0.53801875 0.42869999999999997 0.023956249999999953 0.035188888888888846
44 0.55 0.4861111111111111 0.03333124999999995 0.06852222222222218
6 0.56823125 0.6907444444444444 0.023956249999999953 0.03703333333333325
10 0.5817687500000001 0.7444444444444445 0.034375 0.06666666666666667
11 0.61614375 0.6944444444444444 0.028125 0.04074444444444453
12 0.6270812499999999 0.7453666666666667 0.03541874999999997 0.0685222222222223
31 0.5822937499999999 0.045366666666666666 0.1 0.03518888888888889
35 0.4734375 0.6814777777777778 0.017706249999999955 0.029633333333333414