31 0.57979375 0.03896666666666667 0.09708124999999995 0.03644444444444444
42 0.5008312500000001 0.3082888888888889 0.08166875000000004 0.03732222222222226
63 0.49833125 0.7365555555555555 0.07166875000000004 0.13830000000000003
49 0.24041875000000001 0.6191111111111112 0.07083125000000003 0.032288888888888825
50 0.24041875000000001 0.6446666666666667 0.07583125000000003 0.02563333333333326
52 0.243125 0.27421111111111107 0.06875 0.031377777777777754
53 0.24208125 0.29606666666666664 0.06916874999999997 0.035088888888888906
61 0.75104375 0.6205888888888889 0.07458124999999996 0.035255555555555575
62 0.75020625 0.6461555555555555 0.06791875000000004 0.02860000000000001
58 0.75083125 0.2697666666666666 0.06666875000000004 0.031377777777777754
59 0.7529187500000001 0.3023666666666667 0.06583124999999995 0.03435555555555551
6 0.57520625 0.6917222222222221 0.04291875000000005 0.03528888888888888
9 0.580625 0.7424777777777778 0.03875 0.07014444444444456
11 0.6208312500000001 0.6913444444444445 0.03666875000000005 0.038999999999999896
13 0.62916875 0.7458111111111111 0.038331250000000025 0.07236666666666679
16 0.40625 0.4301777777777778 0.0475 0.045533333333333356
19 0.41125 0.4876 0.0325 0.06704444444444448
21 0.45083125 0.4324 0.031668750000000044 0.04108888888888891
25 0.45875 0.4876 0.0325 0.06704444444444448
26 0.4975 0.4301777777777778 0.04 0.036644444444444466
27 0.50541875 0.4868555555555556 0.030831249999999956 0.06556666666666666
43 0.544375 0.4320222222222222 0.03625 0.035900000000000064
44 0.54958125 0.4868555555555556 0.034168750000000046 0.07445555555555554
37 0.59229375 0.4283222222222222 0.037081249999999955 0.03737777777777776
41 0.59916875 0.4831555555555555 0.03333124999999995 0.07593333333333337