31 0.58 0.0423 0.1 0.03866666666666666
55 0.49729375 0.2030777777777778 0.06708124999999995 0.031344444444444425
56 0.49583125 0.22864444444444446 0.07166875000000004 0.03357777777777775
36 0.475 0.1312111111111111 0.02 0.0387111111111111
35 0.7260437500000001 0.1978888888888889 0.019581249999999953 0.04763333333333334
42 0.49979375 0.3090333333333333 0.14208124999999996 0.03879999999999995
34 0.49916875 0.7854444444444444 0.06833124999999995 0.03163333333333336
52 0.24166875000000002 0.2690222222222222 0.07333125000000003 0.03285555555555558
53 0.24416875000000002 0.29865555555555556 0.07333125000000003 0.035833333333333335
58 0.75020625 0.2734666666666667 0.06791875000000004 0.029888888888888864
59 0.750625 0.3023666666666667 0.06875 0.02546666666666662
61 0.75125 0.6216999999999999 0.0775 0.030066666666666606
62 0.75375 0.6524444444444445 0.0725 0.027866666666666585
6 0.5729187499999999 0.6902444444444444 0.03583124999999995 0.038255555555555626
8 0.58125 0.7465555555555555 0.0325 0.07384444444444449
11 0.62125 0.6913444444444445 0.0375 0.038999999999999896
13 0.6264562499999999 0.7413666666666667 0.03541874999999997 0.07236666666666679
16 0.40645625 0.4298 0.040418750000000045 0.04034444444444451
17 0.41041875 0.4883444444444444 0.03583124999999995 0.06853333333333328
21 0.45083125 0.43128888888888894 0.03666875000000005 0.043311111111111134
24 0.4575 0.4876 0.035 0.06704444444444448
26 0.498125 0.4298 0.03375 0.04034444444444451
28 0.50375 0.4801888888888889 0.0325 0.07001111111111111