35 0.21854375 0.5479777777777778 0.024581250000000027 0.041144444444444414
36 0.47520625000000005 0.6846777777777778 0.022918750000000047 0.03454444444444436
31 0.57979375 0.03858888888888889 0.09708124999999995 0.03125555555555555
42 0.49604374999999995 0.30939999999999995 0.11458124999999995 0.043988888888888925
34 0.50041875 0.7828555555555556 0.06583124999999995 0.039777777777777724
49 0.24083125 0.6183666666666666 0.07166874999999998 0.03970000000000002
50 0.24083125 0.6487444444444445 0.07166874999999998 0.029344444444444534
52 0.24041875000000001 0.2723555555555556 0.07083125000000003 0.03211111111111108
53 0.24208125 0.3008777777777778 0.07916874999999997 0.0225
55 0.49791874999999997 0.20233333333333334 0.07083124999999996 0.029855555555555562
56 0.49875 0.22826666666666667 0.0675 0.0283888888888889
62 0.75083125 0.6461555555555555 0.07166875000000004 0.0374888888888889
61 0.75020625 0.6165111111111111 0.07291875000000005 0.031544444444444555
6 0.57604375 0.6891222222222223 0.044581249999999954 0.03454444444444436
8 0.58125 0.7432222222222222 0.0325 0.07162222222222227
11 0.62375 0.6920888888888889 0.0425 0.03454444444444436
13 0.6275 0.7454444444444445 0.035 0.06717777777777782
16 0.40458125 0.4327666666666667 0.039168750000000044 0.04627777777777775
17 0.41041875 0.4876 0.03583124999999995 0.06704444444444448
21 0.453125 0.4335111111111111 0.04375 0.03886666666666669
22 0.4575 0.4868555555555556 0.035 0.06556666666666666
26 0.49791874999999997 0.43054444444444445 0.04083124999999996 0.041833333333333306
30 0.50375 0.48388888888888887 0.0325 0.06853333333333328