31 0.579375 0.04563333333333333 0.09625 0.031999999999999994
55 0.49541874999999996 0.2038222222222222 0.07083124999999996 0.032822222222222246
56 0.49854374999999995 0.22382222222222223 0.06958124999999996 0.03727777777777779
35 0.725 0.19863333333333336 0.025 0.04023333333333331
35 0.47208125 0.12676666666666667 0.019168750000000047 0.04759999999999999
42 0.4975 0.30977777777777776 0.14 0.04028888888888888
34 0.49729375 0.7832222222222222 0.07208124999999996 0.036077777777777806
52 0.24083125 0.2731 0.07166874999999998 0.030633333333333325
53 0.24166875000000002 0.2982888888888889 0.06333125000000002 0.030644444444444457
58 0.7520812499999999 0.2708777777777777 0.06916875000000004 0.029155555555555535
59 0.7522937500000001 0.3023666666666667 0.07208124999999996 0.03435555555555551
61 0.751875 0.6172555555555556 0.06625 0.03303333333333335
62 0.75375 0.6454111111111112 0.0625 0.027122222222222315
6 0.5733312500000001 0.6913555555555556 0.041668750000000046 0.047888888888888786
8 0.57916875 0.7491444444444445 0.03333124999999995 0.06570000000000012
11 0.62041875 0.6917222222222221 0.030831249999999956 0.04417777777777777
13 0.6277062499999999 0.7439555555555555 0.032918749999999976 0.06421111111111107
16 0.40520625000000005 0.4298 0.04291875000000005 0.0492333333333334
17 0.41 0.4857444444444445 0.04 0.06778888888888888
21 0.4525 0.43573333333333336 0.04 0.043311111111111134
24 0.455 0.4824111111111111 0.04 0.06556666666666666
26 0.49979375 0.43054444444444445 0.04208124999999995 0.041833333333333306
28 0.50291875 0.4868555555555556 0.030831249999999956 0.06556666666666666
43 0.54479375 0.4331333333333333 0.037081249999999955 0.04256666666666673
46 0.55125 0.48388888888888887 0.0375 0.06853333333333328