36 0.47458125 0.6817222222222221 0.019168750000000047 0.0375111111111111
35 0.47416874999999997 0.1301 0.028331249999999954 0.03204444444444443
31 0.5789562500000001 0.041555555555555554 0.09041875000000005 0.0283
42 0.49854374999999995 0.3086666666666667 0.12958124999999995 0.042511111111111104
34 0.49895625000000005 0.7824777777777778 0.07041875000000004 0.025700000000000122
55 0.49916875 0.19937777777777776 0.06833124999999995 0.032822222222222246
56 0.49958125000000003 0.22604444444444444 0.07416875000000005 0.04172222222222224
61 0.74833125 0.6246666666666667 0.07166875000000004 0.030066666666666606
62 0.751875 0.6446666666666667 0.06625 0.03453333333333325
58 0.7520812499999999 0.27124444444444445 0.06916875000000004 0.034333333333333306
59 0.75166875 0.2994 0.06833124999999995 0.03731111111111113
6 0.574375 0.6958000000000001 0.04125 0.047888888888888786
9 0.58 0.7491444444444445 0.035 0.056811111111111236
11 0.62333125 0.6932 0.03666874999999997 0.04714444444444452
15 0.62875 0.7528444444444444 0.0325 0.06422222222222217
4 0.73979375 0.9069666666666667 0.09208124999999995 0.07022222222222227
3 0.8375 0.9128888888888889 0.09 0.06429999999999989
1 0.9395812499999999 0.9091888888888888 0.1075 0.07171111111111107
32 0.94791875 0.8199 0.07583124999999996 0.051655555555555566
16 0.404375 0.4327666666666667 0.04125 0.04627777777777775
17 0.40791875 0.48833333333333334 0.03583124999999995 0.05964444444444439
21 0.45375 0.4331333333333333 0.0425 0.04256666666666673
25 0.458125 0.4868555555555556 0.02875 0.06556666666666666
26 0.49625 0.4275777777777778 0.0375 0.044788888888888954
30 0.503125 0.4824111111111111 0.03375 0.07445555555555554
43 0.5427062500000001 0.43128888888888894 0.032918750000000045 0.03442222222222224
47 0.55083125 0.48463333333333336 0.031668750000000044 0.07001111111111111