49 0.24114375 0.6203666666666667 0.071875 0.02592222222222214
50 0.24270624999999998 0.6481444444444445 0.045831250000000025 0.02592222222222214
52 0.24270624999999998 0.2722222222222222 0.075 0.022222222222222223
53 0.2421875 0.2990777777777778 0.040625 0.03147777777777779
55 0.49948125 0.20277777777777778 0.071875 0.024077777777777795
56 0.49739375 0.22407777777777776 0.05104375000000005 0.03333333333333333
61 0.75260625 0.6203666666666667 0.06770624999999995 0.022222222222222223
62 0.75625 0.6472222222222223 0.05 0.031477777777777695
34 0.50051875 0.7824111111111111 0.034375 0.03518888888888897
35 0.2171875 0.5463 0.017706250000000024 0.025922222222222267
36 0.47448124999999997 0.6824111111111111 0.019793750000000044 0.027777777777777776
16 0.3953125 0.42777777777777776 0.019793750000000044 0.037033333333333376
17 0.40989375 0.4870333333333333 0.034375 0.06666666666666667
21 0.4453125 0.42777777777777776 0.026043750000000046 0.03333333333333333
22 0.45729375 0.4898111111111111 0.03333124999999995 0.06111111111111111
26 0.48958125 0.4305555555555556 0.01875 0.035188888888888846
30 0.50573125 0.4870333333333333 0.032293750000000045 0.06666666666666667
6 0.5677062500000001 0.6916666666666667 0.027081249999999956 0.03888888888888889
8 0.5796875 0.7481444444444445 0.034375 0.06296666666666675
11 0.61614375 0.6916666666666667 0.026043750000000046 0.04258888888888881
13 0.62760625 0.7435222222222222 0.03645625000000002 0.07592222222222214
42 0.49948125 0.3111111111111111 0.11354375000000004 0.02963333333333329
31 0.57760625 0.042588888888888884 0.09479375000000005 0.029633333333333334