49 0.24270624999999998 0.6203666666666667 0.06666874999999997 0.03333333333333333
50 0.24323125 0.6490777777777778 0.04479374999999997 0.031477777777777695
52 0.24166875000000002 0.27129999999999993 0.06666874999999997 0.027777777777777745
53 0.24426874999999998 0.2990777777777778 0.04270625000000003 0.03147777777777779
51 0.32760625 0.24814444444444445 0.040625 0.03333333333333333
58 0.7515625 0.26666666666666666 0.07395624999999996 0.03333333333333333
59 0.75104375 0.29814444444444443 0.047918750000000045 0.02963333333333332
61 0.7515625 0.6194444444444445 0.06979375000000004 0.027777777777777776
62 0.75104375 0.6481444444444445 0.052081249999999954 0.02592222222222214
42 0.49948125 0.3138888888888889 0.10104375000000004 0.035188888888888846
6 0.56926875 0.6898111111111112 0.028125 0.03518888888888897
9 0.5817687500000001 0.7481444444444445 0.032293750000000045 0.05925555555555548
11 0.6130187500000001 0.6888888888888889 0.021875 0.03333333333333333
13 0.6265625 0.7481444444444445 0.034375 0.06296666666666675
16 0.3984375 0.42869999999999997 0.026043750000000046 0.03888888888888889
19 0.40885625 0.4851888888888889 0.034375 0.06666666666666667
21 0.45051875 0.42777777777777776 0.034375 0.03333333333333333
25 0.45676875 0.48425555555555555 0.036456249999999954 0.06852222222222218
26 0.4921875 0.4305555555555556 0.026043750000000046 0.035188888888888846
27 0.5041687499999999 0.48796666666666666 0.03125 0.06111111111111111
34 0.49948125 0.7833333333333333 0.04479375000000005 0.029633333333333414
36 0.21823125000000002 0.19814444444444446 0.017706250000000024 0.03333333333333333
35 0.7244812500000001 0.20092222222222222 0.019793750000000044 0.03518888888888891
4 0.7421875 0.9055555555555556 0.090625 0.05925555555555548
2 0.8375 0.9074111111111111 0.09375 0.06296666666666675
5 0.94010625 0.9074111111111111 0.103125 0.05555555555555555
32 0.94895625 0.8212999999999999 0.07708124999999995 0.05
31 0.5796875 0.0463 0.09270624999999995 0.037033333333333335