31 0.58385625 0.043522222222222226 0.103125 0.027777777777777776
36 0.47448124999999997 0.1259222222222222 0.021875 0.02963333333333332
35 0.72760625 0.19907777777777777 0.017706249999999955 0.027777777777777776
34 0.5 0.7814777777777778 0.06458124999999995 0.03333333333333333
33 0.5036437500000001 0.6148111111111112 0.053125 0.029633333333333414
51 0.33073125 0.2463 0.06145624999999999 0.037033333333333314
52 0.24323125 0.2713 0.06979374999999997 0.024077777777777795
53 0.240625 0.29536666666666667 0.06666874999999997 0.03147777777777779
54 0.5833312500000001 0.2324111111111111 0.052081249999999954 0.03147777777777776
55 0.49635625 0.19907777777777777 0.06979375000000004 0.03147777777777776
56 0.4953125 0.225 0.046875 0.03147777777777776
57 0.6713562500000001 0.25 0.046875 0.029633333333333352
58 0.7515625 0.26944444444444443 0.06979375000000004 0.027777777777777776
59 0.75260625 0.3009222222222222 0.04895624999999995 0.03147777777777783
60 0.6723937499999999 0.6037 0.046875 0.03333333333333333
61 0.75104375 0.6194444444444445 0.07083124999999996 0.024077777777777858
62 0.7546875 0.6490777777777778 0.04895624999999995 0.027777777777777776
6 0.56926875 0.6907444444444444 0.028125 0.04074444444444453
11 0.61510625 0.6898111111111112 0.026043750000000046 0.03888888888888889
8 0.58125 0.7509222222222223 0.03333124999999995 0.05741111111111119
13 0.6296875 0.7453666666666667 0.030206249999999955 0.0685222222222223
42 0.4984375 0.3111111111111111 0.08020624999999995 0.037033333333333376