31 0.5779187499999999 0.041555555555555554 0.09583124999999995 0.0283
36 0.21666875000000002 0.19752222222222224 0.023331250000000026 0.03355555555555554
35 0.4725 0.12935555555555558 0.02 0.030566666666666673
34 0.49958125000000003 0.7795222222222222 0.06416875000000005 0.0375555555555555
33 0.50270625 0.6146666666666667 0.047918750000000045 0.032288888888888825
42 0.49875 0.3082888888888889 0.0675 0.03732222222222226
52 0.24625 0.2675444444444444 0.0675 0.0358222222222222
53 0.24416875000000002 0.2949555555555555 0.06333125000000002 0.028422222222222238
51 0.32541875 0.24901111111111113 0.04583124999999999 0.034322222222222205
55 0.49791874999999997 0.20344444444444443 0.07083124999999996 0.03652222222222223
56 0.49875 0.22604444444444444 0.0675 0.023944444444444456
54 0.581875 0.22975555555555555 0.04625 0.031355555555555525
58 0.74875 0.2734666666666667 0.0725 0.035822222222222234
59 0.7525 0.29532222222222226 0.07 0.03361111111111111
57 0.67166875 0.24753333333333333 0.04333124999999995 0.04025555555555558
6 0.575 0.6935777777777778 0.04 0.04344444444444434
10 0.57958125 0.7506222222222222 0.034168750000000046 0.06866666666666661
11 0.6220812499999999 0.6902333333333334 0.039168749999999974 0.04122222222222212
15 0.6279187500000001 0.7450666666666667 0.03583125000000002 0.07087777777777773