49 0.24010625000000002 0.6166666666666667 0.07395625000000003 0.029633333333333414
50 0.24166875000000002 0.6481444444444445 0.05 0.029633333333333414
52 0.24323125 0.2713 0.06979374999999997 0.020366666666666648
53 0.24270624999999998 0.29536666666666667 0.0625 0.03147777777777779
51 0.32760625 0.24907777777777776 0.046875 0.03147777777777776
57 0.6723937499999999 0.2463 0.04895624999999995 0.029633333333333352
58 0.7520812499999999 0.2685222222222222 0.07291875000000005 0.025922222222222204
59 0.7505187499999999 0.29814444444444443 0.04895624999999995 0.02963333333333332
60 0.6723937499999999 0.6055555555555555 0.046875 0.04074444444444453
61 0.7494812500000001 0.6194444444444445 0.06770624999999995 0.024077777777777858
62 0.75104375 0.6444444444444445 0.04375 0.029633333333333414
42 0.5 0.31296666666666667 0.06458124999999995 0.037033333333333376
34 0.5 0.7814777777777778 0.06666875000000004 0.029633333333333414
33 0.50051875 0.6129666666666667 0.04895624999999995 0.04074444444444453
6 0.56979375 0.6898111111111112 0.03125 0.03518888888888897
9 0.58125 0.7472222222222222 0.03333124999999995 0.06481111111111103
11 0.61875 0.6898111111111112 0.03125 0.03518888888888897
13 0.6270812499999999 0.7453666666666667 0.03541874999999997 0.0685222222222223
31 0.58645625 0.044444444444444446 0.10625 0.037033333333333335