35 0.4725 0.12861111111111112 0.025 0.03796666666666668
36 0.4725 0.6824555555555556 0.025 0.038988888888888795
31 0.57875 0.04341111111111111 0.0925 0.027555555555555552
42 0.50208125 0.30977777777777776 0.12916875000000005 0.04028888888888888
34 0.49583125 0.7832222222222222 0.07333124999999996 0.02718888888888892
33 0.50166875 0.6157777777777779 0.04833124999999996 0.03895555555555549
49 0.2425 0.6216999999999999 0.07 0.024144444444444465
50 0.240625 0.6494888888888889 0.06875 0.03971111111111112
55 0.49791874999999997 0.2016 0.07083124999999996 0.0283777777777778
56 0.49916875 0.22752222222222224 0.06833124999999995 0.026911111111111077
61 0.74833125 0.6209666666666667 0.07666875000000005 0.04044444444444455
62 0.74916875 0.6454111111111112 0.07333124999999996 0.0360111111111112
58 0.74875 0.2693888888888889 0.0675 0.02618888888888888
59 0.7525 0.2964333333333334 0.07 0.03138888888888889
6 0.575 0.6891222222222223 0.04 0.03454444444444436
9 0.58125 0.7413666666666667 0.0325 0.07236666666666679
11 0.62041875 0.6913444444444445 0.03583124999999995 0.038999999999999896
15 0.62916875 0.7439555555555555 0.03333125000000003 0.06421111111111107
16 0.40208125 0.43054444444444445 0.039168750000000044 0.041833333333333306
17 0.41041875 0.4831555555555555 0.03583124999999995 0.06704444444444448
21 0.45333125 0.4320222222222222 0.041668750000000046 0.044788888888888954
25 0.45583125 0.4868555555555556 0.03666875000000005 0.06556666666666666
26 0.49791874999999997 0.43054444444444445 0.04083124999999996 0.041833333333333306
30 0.50333125 0.4887111111111111 0.035 0.06482222222222225