49 0.2421875 0.6185222222222222 0.07395625000000003 0.03333333333333333
50 0.24166875000000002 0.6509222222222223 0.047918749999999975 0.031477777777777695
52 0.24426874999999998 0.26944444444444443 0.06979374999999997 0.024077777777777795
53 0.24323125 0.29814444444444443 0.030206250000000025 0.025922222222222267
58 0.753125 0.2713 0.06875 0.024077777777777795
59 0.75364375 0.2990777777777778 0.046875 0.03147777777777779
61 0.75104375 0.6203666666666667 0.06875 0.022222222222222223
62 0.75416875 0.6490777777777778 0.045831249999999955 0.031477777777777695
63 0.49948125 0.7351888888888889 0.06770624999999995 0.13333333333333333
16 0.39895625 0.4305555555555556 0.027081249999999956 0.04629999999999995
19 0.4109375 0.4870333333333333 0.030206249999999955 0.06296666666666662
21 0.4453125 0.42963333333333337 0.028125 0.03333333333333333
25 0.45676875 0.4888888888888889 0.034375 0.06296666666666662
26 0.49375 0.42869999999999997 0.029168750000000045 0.035188888888888846
27 0.5036437500000001 0.4870333333333333 0.032293750000000045 0.06666666666666667
43 0.5375 0.42777777777777776 0.025 0.037033333333333376
44 0.55 0.4870333333333333 0.03541875000000005 0.06296666666666662
37 0.5890625 0.42963333333333337 0.036456249999999954 0.037033333333333376
41 0.5953125 0.4870333333333333 0.036456249999999954 0.06666666666666667
6 0.57135625 0.6916666666666667 0.030206249999999955 0.03518888888888897
9 0.5817687500000001 0.7481444444444445 0.034375 0.06666666666666667
11 0.61666875 0.6898111111111112 0.029168750000000045 0.03888888888888889
13 0.62864375 0.7481444444444445 0.032293749999999975 0.06666666666666667
42 0.5 0.3111111111111111 0.07291875000000005 0.040744444444444396
31 0.578125 0.041666666666666664 0.09375 0.027777777777777776