52 0.24104375 0.27013333333333334 0.06958125000000003 0.02766666666666664
53 0.24145624999999998 0.2956888888888889 0.06541874999999997 0.029899999999999996
50 0.24083125 0.648 0.06666874999999997 0.03675555555555547
49 0.28083125 0.6076222222222223 0.0016687499999999745 0.01291111111111099
49 0.24104375 0.6198444444444444 0.06958125000000003 0.03377777777777788
34 0.49895625000000005 0.7802666666666667 0.07041875000000004 0.04199999999999995
36 0.47375 0.6880111111111111 0.0175 0.045666666666666564
35 0.21604375 0.5505777777777777 0.024581250000000027 0.04188888888888894
55 0.49583125 0.20196666666666668 0.07166875000000004 0.03356666666666664
56 0.49645625000000004 0.22753333333333334 0.07041875000000004 0.035799999999999964
61 0.7525 0.6202222222222222 0.07 0.030066666666666606
62 0.75541875 0.6491222222222223 0.07083124999999996 0.031555555555555656
6 0.575625 0.6891222222222223 0.04375 0.04344444444444434
8 0.58166875 0.7472888888888888 0.03333124999999995 0.06643333333333329
11 0.6229187500000001 0.6895 0.03583125000000002 0.03973333333333332
13 0.629375 0.7439555555555555 0.03125 0.06421111111111107
42 0.498125 0.30977777777777776 0.11875 0.04028888888888888
31 0.57875 0.041555555555555554 0.0975 0.0283
16 0.40625 0.4298 0.0425 0.04034444444444451
17 0.40854375 0.48277777777777775 0.03458124999999995 0.0707555555555555
21 0.45208125000000005 0.43054444444444445 0.0425 0.041833333333333306
22 0.45666874999999996 0.4861111111111111 0.03333124999999995 0.06408888888888883
26 0.49708125000000003 0.43425555555555556 0.039168750000000044 0.04627777777777775
30 0.504375 0.48648888888888886 0.03625 0.0692666666666667