31 0.57958125 0.04192222222222222 0.09416875000000005 0.04237777777777778
42 0.49875 0.3127333333333333 0.0975 0.04621111111111115
34 0.498125 0.7795222222222222 0.07375 0.0375555555555555
49 0.24291875000000002 0.6213333333333334 0.06583125000000002 0.03673333333333327
50 0.24 0.6509666666666667 0.07 0.03378888888888898
63 0.24083125 0.25087777777777776 0.07166874999999998 0.14027777777777775
58 0.75125 0.27124444444444445 0.0675 0.02544444444444442
59 0.75375 0.2934777777777778 0.0725 0.03434444444444444
61 0.7522937500000001 0.6216999999999999 0.07208124999999996 0.03303333333333335
62 0.75166875 0.6431888888888889 0.06833124999999995 0.04045555555555565
16 0.40333125000000003 0.4327666666666667 0.03666875000000005 0.04627777777777775
17 0.41166874999999997 0.4901888888888889 0.038331249999999956 0.06778888888888888
21 0.4525 0.43573333333333336 0.04 0.043311111111111134
24 0.45875 0.48537777777777774 0.0375 0.06260000000000003
26 0.50208125 0.4298 0.04416875000000005 0.04034444444444451
29 0.50291875 0.48277777777777775 0.030831249999999956 0.0707555555555555
43 0.5416687499999999 0.4290666666666667 0.03333124999999995 0.03886666666666669
47 0.54958125 0.48648888888888886 0.034168750000000046 0.0692666666666667
37 0.5945812500000001 0.4309111111111111 0.04416875000000005 0.038122222222222286
39 0.59625 0.4857444444444445 0.0325 0.07667777777777776