35 0.47416874999999997 0.6820888888888889 0.023331249999999956 0.04270000000000007
34 0.498125 0.7821222222222222 0.07375 0.032355555555555436
33 0.50229375 0.6150333333333333 0.047081249999999956 0.031544444444444555
6 0.57770625 0.6928333333333333 0.04291875000000005 0.041955555555555545
10 0.58104375 0.7461777777777777 0.03458124999999995 0.06865555555555551
11 0.6222937500000001 0.6891222222222223 0.04208125000000003 0.04344444444444434
12 0.6275 0.7461777777777777 0.035 0.0775555555555555
61 0.753125 0.6198444444444444 0.06875 0.03377777777777788
62 0.7525 0.6431888888888889 0.07 0.03156666666666676
58 0.75166875 0.26865555555555554 0.06833124999999995 0.03359999999999998
59 0.7520812499999999 0.29606666666666664 0.06916875000000004 0.035088888888888906
36 0.7258312499999999 0.1978888888888889 0.021668750000000046 0.03874444444444445
31 0.57875 0.04192222222222222 0.0925 0.03347777777777777
55 0.49791874999999997 0.1978888888888889 0.07083124999999996 0.029855555555555562
56 0.49916875 0.22753333333333334 0.06833124999999995 0.035799999999999964
52 0.24208125 0.2690222222222222 0.06916874999999997 0.035822222222222234
53 0.24145624999999998 0.2916222222222222 0.06541874999999997 0.035088888888888906
54 0.326875 0.2479 0.04625 0.02765555555555554
57 0.67270625 0.25123333333333336 0.047918750000000045 0.029877777777777764
42 0.49916875 0.31125555555555556 0.06333124999999995 0.03435555555555551