52 0.24208125 0.2690222222222222 0.06916874999999997 0.03877777777777775
53 0.24333125 0.2994 0.06666874999999997 0.03731111111111113
49 0.24208125 0.6216999999999999 0.06916874999999997 0.03303333333333335
50 0.23895624999999998 0.6450444444444444 0.06541874999999997 0.04860000000000001
55 0.49729375 0.19826666666666667 0.07208124999999996 0.03504444444444447
56 0.49458125000000003 0.22901111111111114 0.06916875000000004 0.029866666666666663
63 0.75104375 0.2479222222222222 0.07458124999999996 0.13435555555555553
61 0.75166875 0.6191111111111112 0.06833124999999995 0.032288888888888825
62 0.75020625 0.6469 0.06791875000000004 0.047866666666666585
34 0.49958125000000003 0.7773000000000001 0.07416875000000005 0.03311111111111106
6 0.5733312500000001 0.6898666666666666 0.041668750000000046 0.0360333333333334
8 0.58354375 0.7450666666666667 0.029581249999999955 0.07087777777777773
11 0.6222937500000001 0.6895 0.04208125000000003 0.03973333333333332
15 0.6285437500000001 0.7428444444444444 0.03458125000000003 0.07532222222222218
16 0.40708125 0.4286888888888889 0.04416875000000005 0.03959999999999998
18 0.41 0.48204444444444444 0.035 0.07815555555555559
21 0.4525 0.42943333333333333 0.04 0.04405555555555553
22 0.45791875 0.4816666666666667 0.03583124999999995 0.07297777777777785
26 0.49958125000000003 0.43165555555555557 0.039168750000000044 0.03961111111111108
30 0.50395625 0.48612222222222223 0.030418750000000046 0.07297777777777785
43 0.54083125 0.4298 0.031668750000000044 0.04034444444444451
45 0.55041875 0.48463333333333336 0.030831249999999956 0.06112222222222221
37 0.5929187499999999 0.4279555555555556 0.03583124999999995 0.04108888888888891
38 0.5985437499999999 0.4824111111111111 0.03458124999999995 0.07445555555555554
42 0.50375 0.3123666666666667 0.0625 0.041022222222222175
31 0.5789562500000001 0.04303333333333333 0.09541875000000005 0.03125555555555555