49 0.24041875000000001 0.6231777777777778 0.07083125000000003 0.02711111111111121
50 0.24 0.6498555555555555 0.07 0.027122222222222315
55 0.49833125 0.19863333333333336 0.06666875000000004 0.031333333333333324
56 0.49729375 0.22604444444444444 0.06708124999999995 0.032833333333333346
58 0.75104375 0.26865555555555554 0.06458124999999995 0.03359999999999998
59 0.75104375 0.29457777777777777 0.06458124999999995 0.03212222222222222
61 0.75083125 0.6191111111111112 0.07166875000000004 0.029322222222222333
62 0.75083125 0.6461555555555555 0.06666875000000004 0.02860000000000001
42 0.49875 0.31051111111111107 0.1275 0.0417666666666667
34 0.5002062500000001 0.7847111111111111 0.07291875000000005 0.039044444444444555
6 0.57666875 0.6917222222222221 0.04333124999999995 0.04417777777777777
9 0.5789562500000001 0.7447 0.03541875000000005 0.07458888888888901
11 0.62375 0.6939444444444444 0.0425 0.04863333333333331
15 0.62833125 0.7476666666666666 0.03666874999999997 0.07162222222222227
4 0.7425 0.9054777777777777 0.09 0.052433333333333394
3 0.83958125 0.9073333333333333 0.09416875000000005 0.05762222222222211
1 0.9404187500000001 0.9065888888888889 0.10083124999999996 0.0650333333333333
32 0.94708125 0.8195333333333333 0.07416875000000005 0.046466666666666594
16 0.40416874999999997 0.4283222222222222 0.038331249999999956 0.028488888888888873
17 0.41041875 0.48055555555555557 0.03583124999999995 0.07520000000000007
21 0.4475 0.43128888888888894 0.03 0.043311111111111134
25 0.45666874999999996 0.4861111111111111 0.03333124999999995 0.06408888888888883
26 0.49791874999999997 0.4298 0.03583124999999995 0.04034444444444451
30 0.50541875 0.4831555555555555 0.030831249999999956 0.06704444444444448
35 0.471875 0.12861111111111112 0.02125 0.03796666666666668
36 0.47270625000000005 0.6809777777777778 0.022918750000000047 0.027133333333333415
31 0.57979375 0.0423 0.09708124999999995 0.03866666666666666