35 0.21645625 0.5468666666666667 0.020418749999999975 0.04336666666666664
36 0.47479374999999996 0.6846777777777778 0.027081249999999956 0.03454444444444436
31 0.57875 0.04303333333333333 0.0975 0.03125555555555555
42 0.496875 0.31051111111111107 0.11625 0.03287777777777781
34 0.49666875 0.7850777777777779 0.06833124999999995 0.035333333333333286
49 0.24083125 0.6187333333333334 0.06666874999999997 0.0360000000000001
50 0.24125 0.6487444444444445 0.0725 0.029344444444444534
52 0.24125 0.2668 0.0725 0.034333333333333306
53 0.24166875000000002 0.29457777777777777 0.06833125000000002 0.03212222222222222
55 0.49604374999999995 0.2030777777777778 0.07458124999999996 0.031344444444444425
56 0.49708125000000003 0.22863333333333336 0.06916875000000004 0.024688888888888857
61 0.74833125 0.6150333333333333 0.07166875000000004 0.0374777777777778
62 0.75166875 0.648 0.06833124999999995 0.027855555555555484
6 0.57625 0.6909777777777778 0.0425 0.04270000000000007
8 0.58083125 0.7450666666666667 0.03666875000000005 0.07087777777777773
11 0.625 0.6917222222222221 0.045 0.03528888888888888
13 0.62916875 0.7487777777777778 0.038331250000000025 0.06940000000000004
16 0.40416874999999997 0.4335111111111111 0.038331249999999956 0.04775555555555558
17 0.40979374999999996 0.4857444444444445 0.03208124999999996 0.05889999999999999
21 0.45208125000000005 0.4349888888888889 0.04416875000000005 0.050722222222222196
22 0.45541875 0.48833333333333334 0.04083124999999996 0.05964444444444439
26 0.49666875 0.43424444444444443 0.038331249999999956 0.0492444444444445
30 0.50145625 0.4861111111111111 0.03541875000000005 0.05518888888888884
43 0.53958125 0.4290666666666667 0.034168750000000046 0.03886666666666669
45 0.54958125 0.4831555555555555 0.034168750000000046 0.06704444444444448