52 0.24375 0.2703666666666667 0.07083125000000003 0.025922222222222204
53 0.2421875 0.2990777777777778 0.05104374999999997 0.027777777777777776
55 0.49583125 0.2 0.06875 0.029633333333333352
56 0.49895625000000005 0.22963333333333333 0.03958124999999996 0.03333333333333333
63 0.7515625 0.24536666666666668 0.06979375000000004 0.13518888888888891
61 0.7505187499999999 0.6203666666666667 0.06979375000000004 0.022222222222222223
62 0.75104375 0.6463 0.03541875000000005 0.02592222222222214
34 0.5015625 0.7842555555555556 0.034375 0.03518888888888897
42 0.50051875 0.31296666666666667 0.06770624999999995 0.037033333333333376
31 0.5833312500000001 0.043522222222222226 0.09375 0.03888888888888889
16 0.3984375 0.4268555555555556 0.028125 0.035188888888888846
18 0.40989375 0.4870333333333333 0.030206249999999955 0.06296666666666662
21 0.44323124999999997 0.42869999999999997 0.023956249999999953 0.035188888888888846
22 0.45573125 0.4861111111111111 0.034375 0.06111111111111111
26 0.49166875 0.42869999999999997 0.029168750000000045 0.035188888888888846
29 0.50676875 0.48425555555555555 0.032293750000000045 0.06852222222222218
43 0.54010625 0.42777777777777776 0.026043750000000046 0.037033333333333376
44 0.5510437499999999 0.4870333333333333 0.03333124999999995 0.06296666666666662
37 0.58541875 0.42777777777777776 0.025 0.040744444444444396
41 0.5984375 0.4861111111111111 0.032293750000000045 0.06111111111111111
6 0.56979375 0.6925888888888889 0.025 0.04074444444444453
10 0.5817687500000001 0.7481444444444445 0.032293750000000045 0.05925555555555548
11 0.6145812500000001 0.6888888888888889 0.022918750000000047 0.03703333333333325
12 0.6270812499999999 0.7463 0.03541874999999997 0.06666666666666667