31 0.578125 0.04452222222222222 0.09375 0.034222222222222216
55 0.499375 0.20233333333333334 0.07625 0.029855555555555562
42 0.49479375 0.31125555555555556 0.11708124999999996 0.03435555555555551
56 0.49541874999999996 0.22826666666666667 0.07083124999999996 0.0283888888888889
36 0.47125 0.6820888888888889 0.0175 0.04270000000000007
35 0.219375 0.5568666666666667 0.02625 0.04115555555555558
34 0.49875 0.7821111111111111 0.0675 0.03830000000000003
49 0.24 0.6216999999999999 0.07 0.03303333333333335
50 0.2425 0.6439333333333332 0.065 0.03304444444444445
52 0.243125 0.2716111111111111 0.06875 0.03952222222222224
53 0.2425 0.29717777777777776 0.075 0.03286666666666668
61 0.75333125 0.6194777777777778 0.07166875000000004 0.02858888888888891
62 0.751875 0.6439333333333332 0.06625 0.024155555555555566
6 0.57708125 0.6950555555555555 0.04416875000000005 0.0375111111111111
11 0.62416875 0.6961666666666666 0.04333125000000002 0.03528888888888888
8 0.579375 0.7521111111111111 0.03625 0.06273333333333338
13 0.62875 0.7454444444444445 0.0275 0.07606666666666671
16 0.40291875 0.42684444444444447 0.04083124999999996 0.043311111111111134
21 0.45041875 0.4335111111111111 0.04083124999999996 0.04775555555555558
17 0.41 0.48612222222222223 0.03 0.07297777777777785
22 0.45666874999999996 0.4890777777777778 0.038331249999999956 0.06112222222222221
26 0.500625 0.43573333333333336 0.03875 0.043311111111111134
30 0.50125 0.4931555555555555 0.0375 0.06483333333333335
43 0.541875 0.4279555555555556 0.03125 0.04108888888888891
45 0.54875 0.48463333333333336 0.0375 0.07889999999999998