35 0.21833124999999998 0.5487222222222222 0.021668749999999973 0.04263333333333327
36 0.47375 0.6876444444444444 0.0225 0.04047777777777785
31 0.58104375 0.04303333333333333 0.09458124999999995 0.03125555555555555
42 0.49625 0.31051111111111107 0.1175 0.0417666666666667
34 0.49791874999999997 0.7787777777777778 0.06583124999999995 0.044966666666666696
50 0.2425 0.6483777777777777 0.075 0.03304444444444445
49 0.24041875000000001 0.6220777777777777 0.07083125000000003 0.038222222222222324
52 0.24125 0.2697666666666666 0.0675 0.031377777777777754
53 0.24541875000000002 0.2964333333333334 0.07083125000000003 0.03138888888888889
55 0.49895625000000005 0.2016 0.07541875000000005 0.0283777777777778
56 0.49541874999999996 0.2267888888888889 0.07083124999999996 0.034311111111111105
61 0.75083125 0.6209555555555556 0.06666875000000004 0.02265555555555567
62 0.75125 0.6491111111111112 0.0725 0.03453333333333325
6 0.5729187499999999 0.6898666666666666 0.04083124999999996 0.044922222222222294
8 0.58041875 0.7454444444444445 0.03583124999999995 0.06717777777777782
11 0.623125 0.6906111111111111 0.04375 0.04344444444444434
13 0.628125 0.7454444444444445 0.03375 0.06717777777777782
16 0.40541875 0.4349888888888889 0.03583124999999995 0.041833333333333306
21 0.450625 0.4298 0.04375 0.04034444444444451
26 0.49791874999999997 0.4286888888888889 0.04083124999999996 0.04256666666666673
30 0.50458125 0.4824111111111111 0.029168750000000045 0.06556666666666666
22 0.45583125 0.4831555555555555 0.03666875000000005 0.05815555555555559
17 0.40979374999999996 0.4898222222222222 0.03208124999999996 0.06260000000000003
43 0.5420812500000001 0.4298 0.039168750000000044 0.04034444444444451
45 0.55041875 0.4831555555555555 0.03583124999999995 0.06704444444444448