52 0.24166875000000002 0.27124444444444445 0.07333125000000003 0.03136666666666669
53 0.24270624999999998 0.2957 0.06791874999999997 0.03879999999999999
49 0.24125 0.6224444444444445 0.0725 0.02562222222222216
50 0.24104375 0.6461555555555555 0.06958125000000003 0.0374888888888889
55 0.49645625000000004 0.1978888888888889 0.07041875000000004 0.029855555555555562
56 0.49770625 0.22493333333333332 0.06791875000000004 0.03505555555555557
61 0.75125 0.6205888888888889 0.0725 0.026366666666666688
62 0.75375 0.6431888888888889 0.0725 0.03156666666666676
42 0.4975 0.312 0.065 0.035844444444444436
54 0.58166875 0.23123333333333335 0.04833124999999996 0.025422222222222218
51 0.326875 0.25012222222222225 0.04625 0.03209999999999998
33 0.5008312500000001 0.6135555555555556 0.046668750000000044 0.03451111111111105
34 0.49791874999999997 0.7817444444444445 0.07083124999999996 0.04199999999999995
6 0.5775 0.6935777777777778 0.045 0.04344444444444434
10 0.58083125 0.7461777777777777 0.03666875000000005 0.06865555555555551
11 0.6220812499999999 0.6906111111111111 0.04416874999999997 0.0375111111111111
15 0.6285437500000001 0.7465555555555555 0.03458125000000003 0.07384444444444449
4 0.74041875 0.9080777777777778 0.09583124999999995 0.0650333333333333
3 0.83833125 0.9077 0.09166875000000005 0.06281111111111108
5 0.94125 0.9073333333333333 0.1025 0.06652222222222211
32 0.94791875 0.8173111111111112 0.07583124999999996 0.05091111111111104
31 0.5779187499999999 0.0423 0.09583124999999995 0.029777777777777775
35 0.47125 0.12676666666666667 0.0225 0.0387111111111111
36 0.21625 0.19641111111111112 0.0175 0.03577777777777776