49 0.24114375 0.6148111111111112 0.065625 0.029633333333333414
50 0.24270624999999998 0.6481444444444445 0.047918749999999975 0.029633333333333414
35 0.21614375 0.19814444444444446 0.019793749999999975 0.03333333333333333
36 0.21614375 0.5490777777777778 0.019793749999999975 0.03147777777777783
52 0.24270624999999998 0.2722222222222222 0.06875 0.025922222222222235
53 0.2421875 0.2990777777777778 0.040625 0.027777777777777776
55 0.49739375 0.19814444444444446 0.06979375000000004 0.025922222222222204
56 0.49739375 0.22592222222222225 0.040625 0.03333333333333333
58 0.7520812499999999 0.26944444444444443 0.0625 0.024077777777777795
59 0.75364375 0.2963 0.040625 0.025922222222222235
61 0.7505187499999999 0.6203666666666667 0.06979375000000004 0.029633333333333414
62 0.74583125 0.6453666666666668 0.03541875000000005 0.027777777777777776
42 0.5015625 0.3111111111111111 0.12604375000000004 0.03333333333333333
16 0.39895625 0.42777777777777776 0.025 0.037033333333333376
17 0.4078125 0.4888888888888889 0.03854375000000004 0.0592555555555556
21 0.45 0.4305555555555556 0.03333124999999995 0.035188888888888846
22 0.45625 0.4870333333333333 0.03541875000000005 0.06296666666666662
26 0.48958125 0.42777777777777776 0.020831249999999954 0.037033333333333376
30 0.5026062499999999 0.48425555555555555 0.034375 0.06481111111111115
31 0.5828125 0.044444444444444446 0.10104375000000004 0.037033333333333335
6 0.56875 0.6916666666666667 0.027081249999999956 0.03888888888888889
8 0.5807312499999999 0.7472222222222222 0.034375 0.0685222222222223
11 0.6197937499999999 0.6888888888888889 0.03541875000000005 0.029633333333333414
12 0.6265625 0.7472222222222222 0.034375 0.06481111111111103
34 0.50104375 0.7842555555555556 0.04375 0.03518888888888897