52 0.24323125 0.2722222222222222 0.06770625000000002 0.02963333333333332
53 0.24375 0.2990777777777778 0.047918749999999975 0.027777777777777776
55 0.496875 0.20185555555555554 0.07083124999999996 0.025922222222222204
56 0.49739375 0.22685555555555553 0.03854375000000004 0.024077777777777795
63 0.7520812499999999 0.24814444444444445 0.06875 0.14074444444444445
61 0.7505187499999999 0.6203666666666667 0.06770624999999995 0.02592222222222214
62 0.7505187499999999 0.6481444444444445 0.036456249999999954 0.04074444444444453
16 0.39948124999999995 0.42777777777777776 0.030206249999999955 0.037033333333333376
18 0.41041875 0.48796666666666666 0.03541875000000005 0.06111111111111111
21 0.44323124999999997 0.4305555555555556 0.023956249999999953 0.035188888888888846
22 0.45729375 0.4898111111111111 0.03125 0.057411111111111066
26 0.49114375000000005 0.42777777777777776 0.026043750000000046 0.037033333333333376
29 0.5046875 0.4888888888888889 0.034375 0.05555555555555555
43 0.53958125 0.42869999999999997 0.029168750000000045 0.03888888888888889
44 0.5520812500000001 0.48796666666666666 0.03333124999999995 0.057411111111111066
37 0.5817687500000001 0.42963333333333337 0.021875 0.03333333333333333
41 0.5984375 0.4870333333333333 0.034375 0.07036666666666672
34 0.49635625 0.7796333333333333 0.04479375000000005 0.029633333333333414
6 0.5671875 0.6907444444444444 0.023956249999999953 0.03703333333333325
10 0.58020625 0.7463 0.03541875000000005 0.06666666666666667
11 0.6135437499999999 0.6916666666666667 0.025 0.03518888888888897