35 0.2171875 0.19722222222222222 0.021875 0.027777777777777776
36 0.47395625 0.6842555555555556 0.01875 0.027777777777777776
52 0.24375 0.2703666666666667 0.06666874999999997 0.029633333333333352
53 0.2421875 0.2972222222222222 0.053125 0.027777777777777776
55 0.49739375 0.2 0.06979375000000004 0.025922222222222204
56 0.49739375 0.22592222222222225 0.030206249999999955 0.025922222222222204
58 0.75104375 0.2703666666666667 0.07291875000000005 0.022222222222222223
59 0.7520812499999999 0.29536666666666667 0.047918750000000045 0.03888888888888889
16 0.39583125 0.42869999999999997 0.020831249999999954 0.035188888888888846
20 0.41041875 0.4888888888888889 0.03125 0.06666666666666667
21 0.4421875 0.43241111111111113 0.019793750000000044 0.03888888888888889
23 0.45625 0.48796666666666666 0.03541875000000005 0.06481111111111115
26 0.49270625 0.4305555555555556 0.029168750000000045 0.035188888888888846
29 0.5026062499999999 0.4870333333333333 0.036456249999999954 0.06296666666666662
43 0.53958125 0.42777777777777776 0.027081249999999956 0.03333333333333333
45 0.5505187500000001 0.4861111111111111 0.036456249999999954 0.07222222222222222
37 0.58541875 0.42777777777777776 0.025 0.037033333333333376
38 0.5989562500000001 0.4861111111111111 0.03333124999999995 0.06852222222222218
42 0.49895625000000005 0.30833333333333335 0.14166875000000004 0.03888888888888889
34 0.49739375 0.7833333333333333 0.040625 0.04074444444444453
6 0.5677062500000001 0.6925888888888889 0.025 0.044444444444444446
10 0.5796875 0.7472222222222222 0.034375 0.0685222222222223
11 0.61614375 0.6907444444444444 0.026043750000000046 0.03703333333333325
12 0.6265625 0.7463 0.036456249999999954 0.06666666666666667
4 0.74114375 0.9074111111111111 0.09479375000000005 0.06296666666666675
3 0.8375 0.9074111111111111 0.09375 0.06296666666666675
1 0.9395812499999999 0.9083333333333333 0.10208124999999996 0.06481111111111103
32 0.9484375 0.8212999999999999 0.078125 0.046300000000000084
31 0.58645625 0.04722222222222222 0.1 0.042588888888888884