52 0.2421875 0.2722222222222222 0.06979374999999997 0.022222222222222223
53 0.24010625000000002 0.2990777777777778 0.05104374999999997 0.024077777777777733
55 0.49791874999999997 0.20092222222222222 0.07708124999999995 0.027777777777777776
56 0.49895625000000005 0.22777777777777777 0.047918750000000045 0.03333333333333333
58 0.75104375 0.2713 0.075 0.024077777777777795
59 0.75104375 0.29444444444444445 0.045831249999999955 0.02963333333333332
61 0.7515625 0.617588888888889 0.06979375000000004 0.027777777777777776
62 0.75104375 0.6453666666666668 0.05 0.027777777777777776
16 0.39791875 0.4305555555555556 0.027081249999999956 0.035188888888888846
18 0.40885625 0.4888888888888889 0.036456249999999954 0.06296666666666662
21 0.4453125 0.43147777777777774 0.028125 0.040744444444444396
22 0.45416874999999995 0.48796666666666666 0.0375 0.06852222222222218
26 0.4921875 0.43241111111111113 0.026043750000000046 0.03888888888888889
29 0.5036437500000001 0.4898111111111111 0.030206249999999955 0.06111111111111111
43 0.54114375 0.42963333333333337 0.030206249999999955 0.037033333333333376
44 0.5510437499999999 0.4870333333333333 0.03541875000000005 0.06666666666666667
37 0.58489375 0.42777777777777776 0.023956249999999953 0.03333333333333333
41 0.5953125 0.48425555555555555 0.03854375000000004 0.07592222222222227
6 0.571875 0.6953666666666667 0.03333124999999995 0.046300000000000084
10 0.58020625 0.7472222222222222 0.03541875000000005 0.06481111111111103
11 0.61875 0.6944444444444444 0.03333124999999995 0.03703333333333325
12 0.628125 0.7463 0.03541875000000005 0.07036666666666659
31 0.57916875 0.043522222222222226 0.09375 0.03888888888888889