52 0.24166875000000002 0.2703666666666667 0.06875 0.029633333333333352
53 0.24270624999999998 0.29352222222222224 0.047918749999999975 0.027777777777777776
49 0.2421875 0.6194444444444445 0.06354374999999997 0.027777777777777776
50 0.24166875000000002 0.6481444444444445 0.04375 0.029633333333333414
55 0.49479375 0.20185555555555554 0.07083124999999996 0.022222222222222223
56 0.496875 0.22407777777777776 0.05 0.022222222222222223
58 0.7494812500000001 0.2722222222222222 0.06770624999999995 0.02963333333333332
59 0.75104375 0.2990777777777778 0.04375 0.024077777777777733
61 0.7505187499999999 0.6194444444444445 0.06979375000000004 0.024077777777777858
62 0.74895625 0.6472222222222223 0.052081249999999954 0.03518888888888897
34 0.49739375 0.7814777777777778 0.040625 0.03333333333333333
16 0.39583125 0.42963333333333337 0.022918750000000047 0.040744444444444396
18 0.41198124999999997 0.4861111111111111 0.030206249999999955 0.06852222222222218
21 0.45 0.4305555555555556 0.03541875000000005 0.03888888888888889
22 0.45520625000000003 0.4861111111111111 0.03541875000000005 0.06481111111111115
26 0.49010624999999997 0.42963333333333337 0.026043750000000046 0.037033333333333376
30 0.5046875 0.48796666666666666 0.032293750000000045 0.06111111111111111
43 0.5375 0.43147777777777774 0.022918750000000047 0.040744444444444396
45 0.5494812499999999 0.4888888888888889 0.032293750000000045 0.0592555555555556
37 0.58489375 0.4305555555555556 0.026043750000000046 0.03888888888888889
38 0.59583125 0.4861111111111111 0.0375 0.06111111111111111
42 0.5015625 0.3101888888888889 0.09895624999999995 0.035188888888888846
6 0.56926875 0.6907444444444444 0.023956249999999953 0.03703333333333325
8 0.5807312499999999 0.7416666666666667 0.032293750000000045 0.07592222222222214
11 0.61614375 0.6907444444444444 0.032293750000000045 0.03703333333333325
15 0.62864375 0.7472222222222222 0.032293749999999975 0.0685222222222223
31 0.5828125 0.04814444444444444 0.096875 0.044444444444444446
35 0.7270812499999999 0.5463 0.020831249999999954 0.025922222222222267
36 0.7260437500000001 0.19814444444444446 0.014581249999999955 0.025922222222222204