52 0.24375 0.2685222222222222 0.06875 0.025922222222222204
53 0.24375 0.3 0.054168749999999974 0.03333333333333333
55 0.49739375 0.20092222222222222 0.071875 0.020366666666666648
56 0.49948125 0.22870000000000001 0.04270624999999995 0.03147777777777776
58 0.7520812499999999 0.2722222222222222 0.06875 0.022222222222222223
59 0.7505187499999999 0.3009222222222222 0.04895624999999995 0.027777777777777776
61 0.753125 0.6194444444444445 0.07083124999999996 0.027777777777777776
62 0.7520812499999999 0.6444444444444445 0.05 0.029633333333333414
16 0.39791875 0.42963333333333337 0.022918750000000047 0.037033333333333376
18 0.41041875 0.4861111111111111 0.03541875000000005 0.06481111111111115
21 0.44479375 0.4305555555555556 0.027081249999999956 0.03888888888888889
22 0.45833125 0.4870333333333333 0.03541875000000005 0.07036666666666672
26 0.490625 0.42963333333333337 0.025 0.044444444444444446
29 0.5046875 0.48796666666666666 0.030206249999999955 0.06111111111111111
43 0.5348937500000001 0.42963333333333337 0.021875 0.03333333333333333
44 0.55 0.48796666666666666 0.03541875000000005 0.06111111111111111
6 0.56926875 0.6916666666666667 0.028125 0.04258888888888881
10 0.57916875 0.7453666666666667 0.03541875000000005 0.0685222222222223
11 0.615625 0.6925888888888889 0.029168750000000045 0.03703333333333325
12 0.6265625 0.7481444444444445 0.034375 0.07036666666666659
42 0.5 0.3111111111111111 0.12083124999999996 0.03333333333333333
31 0.58125 0.042588888888888884 0.1 0.029633333333333334
34 0.49739375 0.7814777777777778 0.036456249999999954 0.029633333333333414
34 0.475 0.6842555555555556 0.01875 0.031477777777777695