52 0.24125 0.27013333333333334 0.0675 0.03655555555555553
53 0.24166875000000002 0.2949555555555555 0.07333125000000003 0.03731111111111113
49 0.24041875000000001 0.6194777777777778 0.07083125000000003 0.031544444444444555
50 0.23958125 0.6461555555555555 0.06916874999999997 0.0374888888888889
55 0.49666875 0.20048888888888888 0.06833124999999995 0.030600000000000023
56 0.49770625 0.2253111111111111 0.07125 0.031355555555555525
58 0.74916875 0.2679111111111111 0.06833124999999995 0.03211111111111108
59 0.75041875 0.2938444444444444 0.07083124999999996 0.039533333333333344
61 0.75083125 0.6187333333333334 0.07166875000000004 0.02710000000000011
62 0.75083125 0.6431888888888889 0.06666875000000004 0.03156666666666676
35 0.2175 0.5513111111111112 0.02 0.05226666666666669
36 0.47354375 0.6861666666666666 0.019581249999999953 0.0375111111111111
34 0.49791874999999997 0.7824777777777778 0.06583124999999995 0.03460000000000011
16 0.40416874999999997 0.43165555555555557 0.038331249999999956 0.03961111111111108
17 0.41125 0.48388888888888887 0.0325 0.06853333333333328
21 0.4525 0.43424444444444443 0.045 0.0492444444444445
22 0.45666874999999996 0.4861111111111111 0.03333124999999995 0.06408888888888883
26 0.5002062500000001 0.43165555555555557 0.04291875000000005 0.048499999999999974
30 0.50354375 0.48388888888888887 0.03458124999999995 0.06853333333333328
42 0.49916875 0.30939999999999995 0.11333124999999995 0.035100000000000034
31 0.5789562500000001 0.0423 0.09541875000000005 0.03866666666666666
6 0.57541875 0.6906111111111111 0.045831249999999955 0.04047777777777785
8 0.58 0.742111111111111 0.035 0.07384444444444449
11 0.62520625 0.6898666666666666 0.04291874999999998 0.0360333333333334
13 0.62833125 0.7413666666666667 0.03666874999999997 0.07236666666666679