35 0.21666875000000002 0.5446444444444445 0.023331250000000026 0.04781111111111108
36 0.47375 0.6846777777777778 0.0175 0.03454444444444436
31 0.57854375 0.03933333333333333 0.08958124999999996 0.032744444444444444
42 0.49770625 0.3090333333333333 0.12291875000000005 0.03879999999999995
34 0.49854374999999995 0.7854444444444444 0.06958124999999996 0.03163333333333336
49 0.24041875000000001 0.6231777777777778 0.06583125000000002 0.018211111111111223
50 0.23958125 0.6483777777777777 0.06416874999999997 0.024155555555555566
52 0.241875 0.27049999999999996 0.07125 0.03285555555555558
53 0.2425 0.29865555555555556 0.065 0.026944444444444444
55 0.495 0.19937777777777776 0.075 0.032822222222222246
56 0.49708125000000003 0.22641111111111112 0.06416875000000005 0.02023333333333331
61 0.75041875 0.6172555555555556 0.07083124999999996 0.03303333333333335
62 0.750625 0.6446666666666667 0.07375 0.03452222222222215
6 0.57625 0.6928333333333333 0.0375 0.041955555555555545
8 0.5825 0.7506222222222222 0.035 0.05976666666666663
11 0.61791875 0.6909777777777778 0.03583124999999995 0.04270000000000007
13 0.6279187500000001 0.7461777777777777 0.03583125000000002 0.06865555555555551
16 0.40625 0.43054444444444445 0.0425 0.041833333333333306
17 0.41 0.48648888888888886 0.035 0.0692666666666667
21 0.45208125000000005 0.42943333333333333 0.04416875000000005 0.04405555555555553
22 0.45833125 0.4890777777777778 0.03666875000000005 0.07001111111111111
26 0.495625 0.43128888888888894 0.03375 0.043311111111111134
30 0.50458125 0.4831555555555555 0.029168750000000045 0.06704444444444448