52 0.2425 0.2690222222222222 0.07 0.029888888888888864
53 0.24166875000000002 0.2964333333333334 0.06833125000000002 0.0225
49 0.24166875000000002 0.6150333333333333 0.06833125000000002 0.02858888888888891
50 0.24291875000000002 0.6398555555555555 0.06583125000000002 0.029333333333333433
55 0.49770625 0.20085555555555556 0.07291875000000005 0.026888888888888875
56 0.4975 0.22567777777777778 0.07 0.02764444444444444
58 0.7514562499999999 0.26605555555555555 0.07041875000000004 0.03285555555555555
59 0.75041875 0.2938444444444444 0.06583124999999995 0.030644444444444457
61 0.7514562499999999 0.6194777777777778 0.07041875000000004 0.02858888888888891
62 0.75166875 0.6435555555555557 0.06333124999999995 0.027855555555555484
34 0.49958125000000003 0.781 0.06916875000000004 0.03163333333333336
16 0.40645625 0.43054444444444445 0.04541875000000004 0.03589999999999994
18 0.40916874999999997 0.4816666666666667 0.03333124999999995 0.06407777777777773
21 0.4525 0.4331333333333333 0.04 0.04256666666666673
22 0.45625 0.48537777777777774 0.0325 0.06260000000000003
26 0.49916875 0.4290666666666667 0.038331249999999956 0.035900000000000064
30 0.504375 0.4824111111111111 0.03125 0.07445555555555554
43 0.545625 0.4283222222222222 0.03875 0.03737777777777776
45 0.54979375 0.4813 0.03208124999999996 0.07667777777777776
37 0.5939562500000001 0.42943333333333333 0.040418750000000045 0.03515555555555554
38 0.5989562500000001 0.4842666666666666 0.030418750000000046 0.07371111111111114
6 0.575625 0.6857888888888889 0.04375 0.032333333333333235
8 0.581875 0.7417333333333332 0.03125 0.06865555555555551
11 0.6208312500000001 0.6924666666666667 0.03666875000000005 0.045666666666666564
15 0.62833125 0.7476666666666666 0.031668749999999975 0.06273333333333338
42 0.49583125 0.3086666666666667 0.10166875000000004 0.042511111111111104
31 0.5772937499999999 0.04303333333333333 0.09708124999999995 0.03125555555555555
36 0.72625 0.19826666666666667 0.0225 0.04393333333333336
35 0.72770625 0.5513111111111112 0.022918750000000047 0.05226666666666669