31 0.584375 0.03981111111111111 0.10208124999999996 0.03518888888888889
49 0.240625 0.6185222222222222 0.06875 0.022222222222222223
50 0.2390625 0.6481444444444445 0.053125 0.03333333333333333
52 0.24114375 0.2703666666666667 0.06770625000000002 0.022222222222222223
53 0.24010625000000002 0.2972222222222222 0.04479374999999997 0.027777777777777776
55 0.49635625 0.20185555555555554 0.06770624999999995 0.022222222222222223
56 0.49739375 0.22592222222222225 0.046875 0.03333333333333333
61 0.7515625 0.6157444444444444 0.06979375000000004 0.027777777777777776
62 0.7494812500000001 0.6463 0.040625 0.029633333333333414
16 0.40260625 0.42777777777777776 0.034375 0.03333333333333333
17 0.40833125000000003 0.4851888888888889 0.03333124999999995 0.0592555555555556
21 0.44375 0.4305555555555556 0.022918750000000047 0.035188888888888846
22 0.45729375 0.48796666666666666 0.03125 0.06481111111111115
26 0.4921875 0.42777777777777776 0.026043750000000046 0.037033333333333376
30 0.503125 0.48333333333333334 0.03541875000000005 0.07407777777777773
6 0.56875 0.6925888888888889 0.025 0.03703333333333325
8 0.5822937499999999 0.7444444444444445 0.03333124999999995 0.07036666666666659
11 0.61666875 0.6907444444444444 0.027081249999999956 0.03703333333333325
13 0.6255187500000001 0.7472222222222222 0.03645625000000002 0.06111111111111111
34 0.49791874999999997 0.7805555555555556 0.041668750000000046 0.031477777777777695
42 0.5 0.31203333333333333 0.11666875000000004 0.03888888888888889
35 0.21666875000000002 0.5472222222222223 0.020831250000000027 0.03147777777777783
36 0.47395625 0.6861111111111111 0.022918750000000047 0.031477777777777695