31 0.57875 0.0423 0.0925 0.03866666666666666
35 0.47395625 0.13046666666666668 0.020418750000000045 0.03723333333333334
36 0.47458125 0.6865333333333333 0.024168750000000044 0.04270000000000007
34 0.4975 0.7839666666666667 0.07 0.0375555555555555
42 0.49729375 0.30865555555555557 0.12375 0.027688888888888843
55 0.49791874999999997 0.2001111111111111 0.06583124999999995 0.034300000000000004
56 0.50041875 0.22715555555555556 0.06583124999999995 0.021722222222222237
58 0.75125 0.2727222222222222 0.0725 0.028411111111111133
59 0.7525 0.29754444444444444 0.07 0.029166666666666667
61 0.75125 0.6194777777777778 0.0725 0.031544444444444555
62 0.75166875 0.6461555555555555 0.06833124999999995 0.02860000000000001
49 0.241875 0.6246666666666667 0.06625 0.030066666666666606
50 0.2425 0.6443 0.065 0.038233333333333425
4 0.7414562499999999 0.9065888888888889 0.09541875000000005 0.056144444444444414
3 0.83875 0.9069666666666667 0.0875 0.061333333333333385
1 0.9402062499999999 0.9099222222222222 0.10291875000000004 0.049477777777777746
32 0.94916875 0.8213888888888888 0.07333124999999996 0.045722222222222324
6 0.57354375 0.6932 0.03625 0.04714444444444452
9 0.58166875 0.7487777777777778 0.03333124999999995 0.06940000000000004
11 0.618125 0.6895 0.03375 0.03973333333333332
15 0.6285437500000001 0.7454444444444445 0.03458125000000003 0.07606666666666671
16 0.40208125 0.43128888888888894 0.034168750000000046 0.043311111111111134
17 0.40916874999999997 0.4876 0.038331249999999956 0.06704444444444448
21 0.45104374999999997 0.4320222222222222 0.03958124999999996 0.035900000000000064
25 0.456875 0.4857444444444445 0.03625 0.06778888888888888
26 0.49541874999999996 0.4301777777777778 0.030831249999999956 0.036644444444444466
30 0.5041687499999999 0.4842666666666666 0.03333124999999995 0.07371111111111114