49 0.24114375 0.6213 0.06770625000000002 0.031477777777777695
50 0.24114375 0.6472222222222223 0.046875 0.031477777777777695
48 0.32551875 0.6055555555555555 0.04895624999999999 0.03703333333333325
52 0.24166875000000002 0.2722222222222222 0.06875 0.022222222222222223
53 0.24166875000000002 0.2972222222222222 0.05 0.027777777777777776
51 0.32916874999999995 0.24814444444444445 0.05208124999999999 0.03333333333333333
58 0.7520812499999999 0.26944444444444443 0.06666875000000004 0.03147777777777779
59 0.7520812499999999 0.2990777777777778 0.047918750000000045 0.027777777777777776
57 0.67083125 0.24722222222222223 0.05 0.03888888888888889
60 0.6734375 0.6046333333333332 0.04895624999999995 0.04258888888888881
61 0.7515625 0.6203666666666667 0.06979375000000004 0.029633333333333414
62 0.75 0.65 0.047918750000000045 0.03333333333333333
42 0.50051875 0.3111111111111111 0.06770624999999995 0.037033333333333376
33 0.5015625 0.6129666666666667 0.046875 0.04074444444444453
34 0.496875 0.7842555555555556 0.041668750000000046 0.03518888888888897
6 0.56875 0.6916666666666667 0.025 0.03888888888888889
9 0.5817687500000001 0.7481444444444445 0.032293750000000045 0.06296666666666675
11 0.61510625 0.6888888888888889 0.030206249999999955 0.03703333333333325
13 0.625 0.7444444444444445 0.0375 0.07036666666666659
36 0.21770625 0.19814444444444446 0.020831250000000027 0.03333333333333333
35 0.7244812500000001 0.2 0.017706249999999955 0.025922222222222204
4 0.740625 0.9083333333333333 0.09166875000000005 0.06481111111111103
2 0.8375 0.9074111111111111 0.09166875000000005 0.06296666666666675
5 0.94010625 0.9092555555555556 0.10104375000000004 0.07407777777777785
32 0.94791875 0.8212999999999999 0.07708124999999995 0.046300000000000084