52 0.24125 0.2682777777777778 0.0725 0.03284444444444441
53 0.24166875000000002 0.2949555555555555 0.06833125000000002 0.03286666666666668
49 0.24083125 0.6202111111111112 0.06666874999999997 0.02562222222222216
50 0.24083125 0.6450333333333333 0.061668749999999974 0.026366666666666688
55 0.49729375 0.2001111111111111 0.07208124999999996 0.029855555555555562
56 0.498125 0.22604444444444444 0.06875 0.03727777777777779
58 0.7520812499999999 0.27013333333333334 0.06916875000000004 0.03211111111111108
59 0.750625 0.2938444444444444 0.06875 0.035088888888888906
61 0.7527062499999999 0.6168777777777779 0.06791875000000004 0.032288888888888825
62 0.7520812499999999 0.6483777777777777 0.06416875000000005 0.0374888888888889
31 0.57958125 0.041555555555555554 0.09416875000000005 0.03273333333333333
34 0.49625 0.7824777777777778 0.0675 0.039033333333333455
6 0.57208125 0.6891222222222223 0.034168750000000046 0.038988888888888795
8 0.58083125 0.7447 0.031668750000000044 0.0790222222222221
11 0.621875 0.6902333333333334 0.04125 0.04565555555555546
15 0.62916875 0.7435888888888889 0.03333125000000003 0.07235555555555544
35 0.7275 0.5450111111111111 0.02 0.03965555555555562
36 0.7270812499999999 0.19899999999999998 0.019168750000000047 0.04096666666666667
42 0.50041875 0.31125555555555556 0.10583124999999996 0.03435555555555551
16 0.40541875 0.4268333333333333 0.045831249999999955 0.03442222222222224
18 0.41125 0.4831555555555555 0.0325 0.07593333333333337
21 0.45416874999999995 0.43054444444444445 0.04333124999999995 0.04478888888888883
22 0.455625 0.485 0.03375 0.06631111111111106
26 0.49916875 0.4298 0.04333124999999995 0.04034444444444451
30 0.505625 0.4842666666666666 0.02875 0.07371111111111114
43 0.545625 0.4283222222222222 0.03875 0.03442222222222224
45 0.550625 0.4842666666666666 0.03375 0.07371111111111114
37 0.59416875 0.4298 0.04333124999999995 0.04034444444444451
38 0.59708125 0.48388888888888887 0.034168750000000046 0.06853333333333328