49 0.24270624999999998 0.617588888888889 0.06875 0.027777777777777776
50 0.24114375 0.6481444444444445 0.04479374999999997 0.029633333333333414
48 0.328125 0.607411111111111 0.04791875000000001 0.03333333333333333
51 0.32708125000000005 0.24907777777777776 0.05 0.03518888888888891
52 0.2421875 0.2685222222222222 0.06979374999999997 0.025922222222222204
53 0.24270624999999998 0.3 0.039581250000000026 0.02963333333333329
35 0.21770625 0.19629999999999997 0.01875 0.029633333333333352
36 0.2171875 0.5453666666666667 0.019793749999999975 0.027777777777777776
55 0.49739375 0.20092222222222222 0.06979375000000004 0.024077777777777795
56 0.49739375 0.22777777777777777 0.059375 0.025922222222222204
54 0.5828125 0.22963333333333333 0.04479375000000005 0.029633333333333352
58 0.75104375 0.26852222222222216 0.07291875000000005 0.033333333333333305
59 0.7520812499999999 0.29444444444444445 0.047918750000000045 0.025922222222222235
34 0.49895625000000005 0.7824111111111111 0.06458124999999995 0.03888888888888889
6 0.5671875 0.6935222222222222 0.023956249999999953 0.04258888888888881
8 0.5796875 0.7472222222222222 0.036456249999999954 0.0685222222222223
11 0.6140625 0.6935222222222222 0.023956249999999953 0.04258888888888881
12 0.625 0.7490777777777777 0.0375 0.06481111111111103
4 0.74114375 0.9092555555555556 0.09270624999999995 0.06666666666666667
2 0.8375 0.9083333333333333 0.09166875000000005 0.06481111111111103
5 0.9395812499999999 0.9092555555555556 0.10208124999999996 0.06666666666666667
32 0.9484375 0.8203666666666667 0.07604375000000005 0.051855555555555634
31 0.58385625 0.044444444444444446 0.09895624999999995 0.029633333333333334