31 0.5829187499999999 0.04303333333333333 0.10083124999999996 0.03125555555555555
42 0.499375 0.31422222222222224 0.08625 0.04028888888888888
63 0.496875 0.732111111111111 0.07125 0.13830000000000003
49 0.24333125 0.6209555555555556 0.06666874999999997 0.031555555555555656
50 0.24125 0.646888888888889 0.0675 0.038977777777777695
52 0.24208125 0.27013333333333334 0.06916874999999997 0.02766666666666664
53 0.24166875000000002 0.2931 0.06833125000000002 0.029166666666666667
58 0.7522937500000001 0.2697666666666666 0.06708124999999995 0.031377777777777754
59 0.751875 0.29717777777777776 0.06625 0.03286666666666668
61 0.7520812499999999 0.6157777777777779 0.07416875000000005 0.030066666666666606
62 0.75166875 0.6465222222222222 0.06833124999999995 0.03378888888888898
6 0.575625 0.6891222222222223 0.04375 0.04344444444444434
9 0.5789562500000001 0.742111111111111 0.03541875000000005 0.0649555555555556
11 0.62 0.6928333333333333 0.035 0.041955555555555545
13 0.62604375 0.7424777777777778 0.03458125000000003 0.07014444444444456
16 0.40375 0.43128888888888894 0.0425 0.043311111111111134
21 0.45145625 0.4335111111111111 0.03541875000000005 0.03886666666666669
19 0.40875 0.4868555555555556 0.0325 0.06556666666666666
25 0.45875 0.48537777777777774 0.0325 0.06260000000000003
26 0.49708125000000003 0.43128888888888894 0.039168750000000044 0.043311111111111134
27 0.50291875 0.48388888888888887 0.03583124999999995 0.06853333333333328
43 0.5460437499999999 0.43128888888888894 0.044581249999999954 0.043311111111111134
44 0.55083125 0.4861111111111111 0.03666875000000005 0.06408888888888883
37 0.59416875 0.4286888888888889 0.038331249999999956 0.033677777777777716
41 0.59666875 0.48537777777777774 0.028331249999999954 0.07148888888888892