50 0.24375 0.6481444444444445 0.06041874999999997 0.029633333333333414
49 0.24270624999999998 0.6222222222222222 0.06458125000000002 0.022222222222222223
52 0.2421875 0.2685222222222222 0.06979374999999997 0.029633333333333352
53 0.24114375 0.29814444444444443 0.055206250000000026 0.03333333333333333
55 0.496875 0.20092222222222222 0.06666875000000004 0.024077777777777795
56 0.496875 0.22407777777777776 0.041668750000000046 0.029633333333333352
58 0.7520812499999999 0.26666666666666666 0.07291875000000005 0.03333333333333333
59 0.7505187499999999 0.2972222222222222 0.034375 0.027777777777777776
61 0.7505187499999999 0.6213 0.071875 0.027777777777777776
62 0.7546875 0.6490777777777778 0.04479375000000005 0.031477777777777695
42 0.5 0.31296666666666667 0.12916875000000005 0.037033333333333376
31 0.58385625 0.0463 0.10520624999999996 0.037033333333333335
16 0.40104375 0.425 0.03333124999999995 0.03147777777777783
17 0.409375 0.4861111111111111 0.03333124999999995 0.06111111111111111
21 0.44583125 0.4305555555555556 0.029168750000000045 0.03888888888888889
22 0.45729375 0.4870333333333333 0.03333124999999995 0.06296666666666662
26 0.4921875 0.4268555555555556 0.028125 0.035188888888888846
30 0.50573125 0.48333333333333334 0.032293750000000045 0.06666666666666667
35 0.2171875 0.19814444444444446 0.019793749999999975 0.025922222222222204
36 0.2171875 0.55 0.019793749999999975 0.03333333333333333