49 0.241875 0.6231888888888889 0.07125 0.0360000000000001
50 0.24041875000000001 0.6476333333333333 0.07083125000000003 0.04045555555555565
34 0.49916875 0.7798888888888889 0.06833124999999995 0.03385555555555558
36 0.47145625 0.6824555555555556 0.020418750000000045 0.038988888888888795
35 0.21708125 0.5490888888888888 0.019168749999999974 0.03892222222222219
52 0.240625 0.2697666666666666 0.06875 0.031377777777777754
53 0.23958125 0.2964333333333334 0.06916874999999997 0.03138888888888889
55 0.49791874999999997 0.19974444444444445 0.07083124999999996 0.029111111111111098
56 0.49854374999999995 0.2253 0.06958124999999996 0.031355555555555525
58 0.75104375 0.27049999999999996 0.06958124999999996 0.03285555555555558
59 0.7529187500000001 0.30014444444444444 0.06583124999999995 0.029911111111111065
42 0.5 0.312 0.115 0.026944444444444444
16 0.40541875 0.4298 0.04083124999999996 0.031455555555555494
18 0.41020625000000005 0.4831555555555555 0.032918750000000045 0.06704444444444448
21 0.45166874999999995 0.4320222222222222 0.038331249999999956 0.035900000000000064
25 0.45875 0.4809333333333333 0.0325 0.07148888888888892
26 0.49458125000000003 0.4272111111111111 0.029168750000000045 0.030711111111111095
28 0.50458125 0.47907777777777777 0.034168750000000046 0.0811222222222222
6 0.57583125 0.6891222222222223 0.03666875000000005 0.03454444444444436
9 0.58208125 0.742111111111111 0.034168750000000046 0.07384444444444449
11 0.62333125 0.6913444444444445 0.04166874999999998 0.038999999999999896
14 0.6277062499999999 0.7450666666666667 0.03791874999999997 0.07087777777777773
31 0.58 0.040077777777777775 0.095 0.034222222222222216