36 0.21791875000000002 0.19863333333333336 0.025831250000000024 0.04023333333333331
35 0.471875 0.1297222222222222 0.02125 0.04464444444444445
52 0.24104375 0.2708777777777777 0.06958125000000003 0.03804444444444442
53 0.24333125 0.29754444444444444 0.06666874999999997 0.03805555555555556
55 0.49729375 0.20048888888888888 0.07208124999999996 0.030600000000000023
56 0.495625 0.2267888888888889 0.06875 0.043211111111111096
58 0.75041875 0.27049999999999996 0.07083124999999996 0.03285555555555558
59 0.75083125 0.2949555555555555 0.06666875000000004 0.03731111111111113
51 0.32520625000000003 0.25124444444444444 0.04291875000000001 0.03877777777777775
54 0.58208125 0.23493333333333333 0.04416875000000005 0.032833333333333346
57 0.6683312499999999 0.24901111111111113 0.046668750000000044 0.034322222222222205
6 0.57375 0.6876444444444444 0.0375 0.04047777777777785
10 0.58208125 0.7476666666666666 0.029168750000000045 0.07162222222222227
11 0.62041875 0.6920888888888889 0.04083125000000003 0.04047777777777785
15 0.6279187500000001 0.7502555555555556 0.030831250000000025 0.07236666666666679
33 0.501875 0.6128111111111111 0.04625 0.03303333333333335
42 0.499375 0.31051111111111107 0.07125 0.0417666666666667
31 0.57958125 0.04303333333333333 0.09416875000000005 0.03125555555555555
34 0.49770625 0.7847111111111111 0.06791875000000004 0.039044444444444555