49 0.240625 0.6185222222222222 0.06666874999999997 0.029633333333333414
50 0.240625 0.65 0.05208125000000002 0.03333333333333333
51 0.32864375 0.24722222222222223 0.04479375000000001 0.03518888888888891
52 0.24323125 0.2722222222222222 0.06979374999999997 0.025922222222222235
53 0.24114375 0.29536666666666667 0.04479374999999997 0.027777777777777776
54 0.58385625 0.23147777777777778 0.046875 0.03333333333333333
55 0.496875 0.2 0.07083124999999996 0.022222222222222223
56 0.49895625000000005 0.22685555555555553 0.04375 0.027777777777777776
61 0.7494812500000001 0.6148111111111112 0.071875 0.029633333333333414
62 0.7520812499999999 0.6435222222222222 0.0375 0.031477777777777695
33 0.5015625 0.6148111111111112 0.046875 0.03703333333333325
34 0.4984375 0.7833333333333333 0.04479375000000005 0.03703333333333325
6 0.5671875 0.6888888888888889 0.026043750000000046 0.03333333333333333
10 0.58125 0.7463 0.03541875000000005 0.07036666666666659
11 0.61770625 0.6888888888888889 0.027081249999999956 0.03703333333333325
15 0.6270812499999999 0.7472222222222222 0.03541874999999997 0.0685222222222223
42 0.49948125 0.31296666666666667 0.061456249999999955 0.037033333333333376
4 0.74114375 0.9083333333333333 0.090625 0.06481111111111103
3 0.8390625 0.9064777777777778 0.090625 0.05741111111111119
5 0.9395812499999999 0.9083333333333333 0.10416875000000005 0.06111111111111111
5 0.9484375 0.8203666666666667 0.078125 0.051855555555555634