49 0.24166875000000002 0.6185222222222222 0.06458125000000002 0.029633333333333414
50 0.24479375 0.6481444444444445 0.054168749999999974 0.02592222222222214
52 0.24166875000000002 0.26944444444444443 0.06666874999999997 0.027777777777777776
51 0.32864375 0.24722222222222223 0.046875 0.03888888888888889
53 0.24166875000000002 0.2972222222222222 0.047918749999999975 0.027777777777777776
54 0.5817687500000001 0.2324111111111111 0.05104375000000005 0.03888888888888889
55 0.49791874999999997 0.20370000000000002 0.07291875000000005 0.022222222222222223
56 0.496875 0.22963333333333333 0.045831249999999955 0.025922222222222204
61 0.75 0.6203666666666667 0.06458124999999995 0.02592222222222214
62 0.7505187499999999 0.6481444444444445 0.04895624999999995 0.029633333333333414
33 0.5036437500000001 0.6129666666666667 0.05104375000000005 0.04074444444444453
34 0.5 0.7833333333333333 0.041668750000000046 0.04074444444444453
6 0.56926875 0.6925888888888889 0.026043750000000046 0.03333333333333333
10 0.5817687500000001 0.7453666666666667 0.030206249999999955 0.0685222222222223
11 0.6145812500000001 0.6898111111111112 0.022918750000000047 0.04258888888888881
15 0.6260437499999999 0.7472222222222222 0.03541874999999997 0.0685222222222223
4 0.74114375 0.9055555555555556 0.09270624999999995 0.06296666666666675
3 0.8380187499999999 0.9074111111111111 0.090625 0.06296666666666675
5 0.94010625 0.9083333333333333 0.103125 0.06481111111111103
32 0.9484375 0.8212999999999999 0.078125 0.046300000000000084
31 0.5822937499999999 0.042588888888888884 0.1 0.037033333333333335
42 0.5015625 0.3111111111111111 0.065625 0.040744444444444396