49 0.2421875 0.6185222222222222 0.06979374999999997 0.03333333333333333
50 0.240625 0.6472222222222223 0.027081250000000025 0.027777777777777776
35 0.21614375 0.5490777777777778 0.021875 0.027777777777777776
36 0.47395625 0.6833333333333333 0.01875 0.029633333333333414
52 0.24270624999999998 0.27314444444444447 0.07291874999999998 0.024077777777777795
53 0.24114375 0.29814444444444443 0.030206250000000025 0.02963333333333332
55 0.49791874999999997 0.19722222222222222 0.06875 0.024077777777777795
56 0.50104375 0.225 0.045831249999999955 0.027777777777777776
58 0.7505187499999999 0.2713 0.06770624999999995 0.03147777777777776
59 0.75260625 0.29814444444444443 0.023956249999999953 0.03333333333333333
42 0.5 0.3101888888888889 0.11041875000000005 0.03147777777777783
16 0.39635624999999997 0.42963333333333337 0.023956249999999953 0.037033333333333376
18 0.41041875 0.48425555555555555 0.03541875000000005 0.06481111111111115
21 0.44426875000000005 0.42869999999999997 0.023956249999999953 0.03888888888888889
25 0.45885624999999997 0.48796666666666666 0.032293750000000045 0.06481111111111115
26 0.49479375 0.43147777777777774 0.03125 0.03333333333333333
28 0.5036437500000001 0.4870333333333333 0.036456249999999954 0.06666666666666667
6 0.56875 0.6907444444444444 0.027081249999999956 0.044444444444444446
9 0.57916875 0.7463 0.0375 0.06666666666666667
11 0.61614375 0.6916666666666667 0.026043750000000046 0.03888888888888889
14 0.62760625 0.7490777777777777 0.03437500000000007 0.06111111111111111
34 0.5 0.7842555555555556 0.05416875000000004 0.031477777777777695
31 0.5828125 0.044444444444444446 0.09270624999999995 0.03333333333333333