52 0.24229375 0.27124444444444445 0.06708125000000002 0.034333333333333306
53 0.245625 0.2994 0.06875 0.02842222222222227
49 0.24083125 0.6216999999999999 0.07166874999999998 0.03303333333333335
50 0.23875 0.6491111111111112 0.0725 0.02563333333333326
35 0.2175 0.5509444444444445 0.025 0.03818888888888883
55 0.49833125 0.20085555555555556 0.07666875000000005 0.03578888888888886
56 0.49666875 0.22382222222222223 0.06833124999999995 0.03727777777777779
58 0.75 0.27124444444444445 0.07 0.034333333333333306
59 0.75125 0.2949555555555555 0.0675 0.028422222222222238
61 0.74979375 0.6187333333333334 0.07208124999999996 0.02710000000000011
62 0.75166875 0.6443 0.06833124999999995 0.038233333333333425
34 0.49708125000000003 0.7824888888888889 0.06416875000000005 0.043488888888889
36 0.47458125 0.6854222222222223 0.019168750000000047 0.044922222222222294
6 0.5775 0.6891222222222223 0.045 0.03454444444444436
8 0.5825 0.7428444444444444 0.035 0.06643333333333329
11 0.623125 0.6891222222222223 0.04375 0.03454444444444436
13 0.6277062499999999 0.741 0.032918749999999976 0.07606666666666671
16 0.40583125000000003 0.43054444444444445 0.041668750000000046 0.041833333333333306
17 0.41104375 0.4861111111111111 0.03458124999999995 0.06408888888888883
21 0.45333125 0.42943333333333333 0.041668750000000046 0.035166666666666645
22 0.45666874999999996 0.4816666666666667 0.03333124999999995 0.07297777777777785
26 0.49854374999999995 0.4290666666666667 0.03958124999999996 0.03886666666666669
30 0.505 0.4824111111111111 0.03 0.07445555555555554
42 0.498125 0.31014444444444444 0.11875 0.03657777777777773
31 0.579375 0.03933333333333333 0.09125 0.032744444444444444