31 0.5869812499999999 0.045366666666666666 0.10729374999999998 0.03888888888888889
49 0.24166875000000002 0.6185222222222222 0.06875 0.029633333333333414
50 0.24166875000000002 0.65 0.04375 0.029633333333333414
52 0.2421875 0.2713 0.06979374999999997 0.024077777777777795
53 0.24375 0.2963 0.045831250000000025 0.025922222222222235
55 0.49791874999999997 0.2 0.06666875000000004 0.025922222222222204
56 0.49895625000000005 0.22870000000000001 0.047918750000000045 0.027777777777777776
58 0.75104375 0.2722222222222222 0.07083124999999996 0.025922222222222235
59 0.7520812499999999 0.29814444444444443 0.045831249999999955 0.02963333333333332
61 0.7520812499999999 0.6194444444444445 0.07083124999999996 0.031477777777777695
62 0.753125 0.6444444444444445 0.047918750000000045 0.02592222222222214
34 0.49895625000000005 0.7814777777777778 0.05 0.03333333333333333