35 0.21708125 0.5490888888888888 0.019168749999999974 0.03892222222222219
61 0.7514562499999999 0.6202222222222222 0.07041875000000004 0.030066666666666606
62 0.7525 0.648 0.065 0.03675555555555547
58 0.75083125 0.2716111111111111 0.07333124999999996 0.03358888888888891
59 0.7535437500000001 0.2979222222222222 0.06458124999999995 0.03435555555555554
55 0.49770625 0.2016 0.07291875000000005 0.0283777777777778
56 0.498125 0.23048888888888888 0.06875 0.032833333333333346
52 0.24041875000000001 0.2690222222222222 0.07083125000000003 0.029888888888888864
53 0.24333125 0.2912444444444445 0.07166874999999998 0.03878888888888885
49 0.24125 0.6202222222222222 0.0625 0.03895555555555549
50 0.24333125 0.6428222222222222 0.061668749999999974 0.035266666666666675
36 0.47229374999999996 0.6869000000000001 0.022081249999999955 0.038988888888888795
34 0.49916875 0.781 0.07333124999999996 0.03163333333333336
6 0.575625 0.6924666666666667 0.03875 0.045666666666666564
8 0.58041875 0.7417333333333332 0.030831249999999956 0.06865555555555551
11 0.62333125 0.6958000000000001 0.046668749999999974 0.044922222222222294
13 0.62875 0.7454444444444445 0.0325 0.06717777777777782
16 0.40791875 0.4275777777777778 0.045831249999999955 0.044788888888888954
17 0.41 0.4801888888888889 0.03 0.07001111111111111
21 0.45270625000000003 0.4320222222222222 0.04291875000000005 0.044788888888888954
22 0.45708125000000005 0.4868555555555556 0.034168750000000046 0.06556666666666666
26 0.49916875 0.4275777777777778 0.04333124999999995 0.044788888888888954
30 0.50458125 0.4801888888888889 0.029168750000000045 0.07001111111111111
42 0.49916875 0.30939999999999995 0.11833124999999996 0.043988888888888925
31 0.581875 0.04304444444444445 0.09125 0.03718888888888889