34 0.49895625000000005 0.7851888888888888 0.06875 0.03333333333333333
49 0.24166875000000002 0.6203666666666667 0.06666874999999997 0.02592222222222214
50 0.24166875000000002 0.6490777777777778 0.04166874999999998 0.027777777777777776
52 0.2421875 0.2685222222222222 0.06979374999999997 0.025922222222222204
53 0.24375 0.2963 0.047918749999999975 0.02963333333333332
55 0.496875 0.2 0.07083124999999996 0.025922222222222204
56 0.49583125 0.22777777777777777 0.045831249999999955 0.025922222222222204
63 0.75260625 0.2509222222222222 0.06979375000000004 0.13147777777777775
61 0.75 0.6166666666666667 0.06875 0.02592222222222214
62 0.7515625 0.6481444444444445 0.05104375000000005 0.029633333333333414
62 0.7453125 0.6213 0.0010437500000000455 0.0018555555555556365
16 0.403125 0.42869999999999997 0.03541875000000005 0.03888888888888889
18 0.40885625 0.4870333333333333 0.036456249999999954 0.06666666666666667
21 0.44479375 0.4305555555555556 0.029168750000000045 0.04258888888888893
22 0.45573125 0.48796666666666666 0.036456249999999954 0.06481111111111115
26 0.49114375000000005 0.4305555555555556 0.028125 0.035188888888888846
30 0.5036437500000001 0.4898111111111111 0.032293750000000045 0.06111111111111111
43 0.53698125 0.4305555555555556 0.021875 0.04258888888888893
45 0.5515625 0.48796666666666666 0.034375 0.06481111111111115
37 0.5833312500000001 0.42963333333333337 0.022918750000000047 0.037033333333333376
38 0.596875 0.4870333333333333 0.03541875000000005 0.06296666666666662
6 0.56979375 0.6916666666666667 0.029168750000000045 0.031477777777777695
8 0.5807312499999999 0.7472222222222222 0.034375 0.0685222222222223
11 0.61823125 0.6898111111111112 0.032293750000000045 0.03518888888888897
15 0.6276062499999999 0.7444444444444445 0.032293749999999975 0.07407777777777785
31 0.58489375 0.041666666666666664 0.103125 0.03147777777777778