35 0.2175 0.5472444444444444 0.025 0.04855555555555561
36 0.47479374999999996 0.6809777777777778 0.027081249999999956 0.0360222222222223
31 0.57604375 0.04452222222222222 0.09958124999999995 0.02533333333333333
42 0.499375 0.3131111111111111 0.11625 0.03362222222222221
34 0.4975 0.7787777777777778 0.065 0.036077777777777806
49 0.24125 0.6213333333333334 0.0675 0.027844444444444384
50 0.24083125 0.6520777777777778 0.061668749999999974 0.03156666666666676
52 0.24041875000000001 0.27421111111111107 0.07083125000000003 0.022488888888888867
53 0.2425 0.2994 0.07 0.019533333333333378
55 0.49479375 0.19899999999999998 0.06708124999999995 0.02763333333333334
56 0.499375 0.23012222222222223 0.07125 0.02764444444444444
61 0.75 0.6191111111111112 0.07 0.032288888888888825
62 0.75458125 0.6520777777777778 0.06416875000000005 0.03156666666666676
6 0.5739562500000001 0.6887555555555556 0.040418750000000045 0.038255555555555626
8 0.5825 0.7461777777777777 0.035 0.06865555555555551
11 0.62125 0.6906111111111111 0.0375 0.0375111111111111
13 0.625625 0.7439555555555555 0.03375 0.07309999999999996
16 0.40395625 0.4301777777777778 0.040418750000000045 0.036644444444444466
17 0.40958125 0.48352222222222224 0.034168750000000046 0.07223333333333333
21 0.45479375 0.43128888888888894 0.04208124999999995 0.043311111111111134
22 0.45791875 0.4876 0.030831249999999956 0.06704444444444448
26 0.49958125000000003 0.4298 0.039168750000000044 0.04034444444444451
30 0.505625 0.48537777777777774 0.03375 0.06260000000000003