49 0.24270624999999998 0.6185222222222222 0.06875 0.029633333333333414
50 0.240625 0.6472222222222223 0.04375 0.027777777777777776
52 0.2421875 0.27314444444444447 0.06979374999999997 0.024077777777777795
53 0.24426874999999998 0.29814444444444443 0.04895625000000003 0.02963333333333332
58 0.75104375 0.26944444444444443 0.06666875000000004 0.024077777777777795
59 0.75260625 0.2990777777777778 0.05104375000000005 0.03147777777777779
61 0.75104375 0.6194444444444445 0.07083124999999996 0.024077777777777858
62 0.75 0.6463 0.03958124999999996 0.022222222222222223
16 0.39635624999999997 0.43241111111111113 0.021875 0.04258888888888893
19 0.41041875 0.4870333333333333 0.03333124999999995 0.06666666666666667
21 0.44375 0.42869999999999997 0.027081249999999956 0.03147777777777783
25 0.45833125 0.4851888888888889 0.03125 0.07036666666666672
26 0.49114375000000005 0.4305555555555556 0.026043750000000046 0.035188888888888846
27 0.5041687499999999 0.4888888888888889 0.03333124999999995 0.06296666666666662
6 0.5703125 0.6925888888888889 0.028125 0.04074444444444453
9 0.5807312499999999 0.7490777777777777 0.034375 0.06111111111111111
11 0.61510625 0.6916666666666667 0.026043750000000046 0.03518888888888897
13 0.62760625 0.7472222222222222 0.03437500000000007 0.0685222222222223
42 0.49948125 0.3111111111111111 0.10104375000000004 0.03333333333333333
31 0.5796875 0.041666666666666664 0.09479375000000005 0.027777777777777776