36 0.21875 0.19722222222222222 0.020831250000000027 0.027777777777777776
35 0.7260437500000001 0.19814444444444446 0.020831249999999954 0.029633333333333352
49 0.2421875 0.6185222222222222 0.071875 0.029633333333333414
50 0.23958125 0.6472222222222223 0.047918749999999975 0.024077777777777858
52 0.24323125 0.2703666666666667 0.06979374999999997 0.025922222222222204
53 0.24426874999999998 0.2972222222222222 0.038543749999999974 0.027777777777777776
58 0.75260625 0.2713 0.071875 0.024077777777777795
59 0.753125 0.29814444444444443 0.045831249999999955 0.02963333333333332
61 0.7520812499999999 0.6213 0.075 0.020366666666666585
62 0.7505187499999999 0.6472222222222223 0.04895624999999995 0.03518888888888897
16 0.4 0.4305555555555556 0.029168750000000045 0.04258888888888893
19 0.4078125 0.4824111111111111 0.03854375000000004 0.07222222222222222
21 0.44739375000000003 0.4305555555555556 0.028125 0.035188888888888846
25 0.45729375 0.48425555555555555 0.03333124999999995 0.06852222222222218
26 0.49166875 0.42869999999999997 0.022918750000000047 0.035188888888888846
27 0.5041687499999999 0.48796666666666666 0.03333124999999995 0.06111111111111111
43 0.53801875 0.42777777777777776 0.023956249999999953 0.037033333333333376
44 0.5494812499999999 0.4861111111111111 0.034375 0.06481111111111115
34 0.49739375 0.7805555555555556 0.061456249999999955 0.03518888888888897