31 0.5822937499999999 0.041666666666666664 0.09583124999999995 0.02407777777777778
49 0.24270624999999998 0.6185222222222222 0.06875 0.03703333333333325
50 0.240625 0.6472222222222223 0.05 0.024077777777777858
52 0.24270624999999998 0.2713 0.06875 0.024077777777777795
53 0.24010625000000002 0.29814444444444443 0.034375 0.03333333333333333
55 0.49791874999999997 0.20277777777777778 0.06666875000000004 0.024077777777777795
56 0.49739375 0.2222222222222222 0.040625 0.03333333333333333
16 0.39583125 0.4305555555555556 0.020831249999999954 0.035188888888888846
20 0.41198124999999997 0.4861111111111111 0.034375 0.06852222222222218
21 0.44323124999999997 0.43147777777777774 0.023956249999999953 0.044444444444444446
23 0.45573125 0.48333333333333334 0.03854375000000004 0.07036666666666672
26 0.490625 0.43147777777777774 0.027081249999999956 0.037033333333333376
27 0.5026062499999999 0.48796666666666666 0.03854375000000004 0.06481111111111115
43 0.5359375 0.43147777777777774 0.021875 0.040744444444444396
47 0.5515625 0.4870333333333333 0.036456249999999954 0.06666666666666667
37 0.58801875 0.42869999999999997 0.028125 0.035188888888888846
38 0.5973937500000001 0.48796666666666666 0.034375 0.06852222222222218
6 0.5671875 0.6898111111111112 0.026043750000000046 0.031477777777777695
10 0.58020625 0.7435222222222222 0.03333124999999995 0.07222222222222222
10 0.61510625 0.6907444444444444 0.026043750000000046 0.04074444444444453