36 0.4725 0.12380000000000001 0.025 0.03277777777777778
35 0.7275 0.19677777777777777 0.03 0.03207777777777778
31 0.5783312500000001 0.042666666666666665 0.09666875000000004 0.03496666666666667
42 0.49979375 0.312 0.06375 0.03287777777777781
34 0.49916875 0.7873000000000001 0.06833124999999995 0.030888888888888837
55 0.49729375 0.2001111111111111 0.06708124999999995 0.025411111111111117
56 0.49791874999999997 0.2267888888888889 0.07083124999999996 0.025422222222222218
54 0.58208125 0.23197777777777778 0.049168750000000046 0.026911111111111077
58 0.75041875 0.2723555555555556 0.06583124999999995 0.03211111111111108
59 0.75083125 0.29865555555555556 0.06666875000000004 0.026944444444444444
57 0.67208125 0.24827777777777776 0.04416875000000005 0.03284444444444445
61 0.75041875 0.6220666666666667 0.07083124999999996 0.029333333333333433
62 0.7529187500000001 0.6454111111111112 0.06583124999999995 0.027122222222222315
6 0.57354375 0.6909777777777778 0.03958124999999996 0.04270000000000007
8 0.58104375 0.7472888888888888 0.03458124999999995 0.06643333333333329
11 0.62416875 0.6898666666666666 0.04333125000000002 0.044922222222222294
15 0.6275 0.7432222222222222 0.035 0.07162222222222227