36 0.47395625 0.6824111111111111 0.01875 0.031477777777777695
35 0.21770625 0.5472222222222223 0.022918749999999974 0.027777777777777776
49 0.2421875 0.6231444444444445 0.071875 0.024077777777777858
50 0.24010625000000002 0.6472222222222223 0.046875 0.027777777777777776
52 0.2421875 0.2713 0.06770625000000002 0.024077777777777795
53 0.2421875 0.2963 0.046875 0.02963333333333332
55 0.49739375 0.20185555555555554 0.06770624999999995 0.022222222222222223
56 0.49895625000000005 0.22777777777777777 0.047918750000000045 0.029633333333333352
58 0.7515625 0.2722222222222222 0.06979375000000004 0.022222222222222223
59 0.7520812499999999 0.29814444444444443 0.05 0.02963333333333332
61 0.7515625 0.6213 0.06770624999999995 0.024077777777777858
62 0.7515625 0.6463 0.04895624999999995 0.029633333333333414
6 0.57135625 0.6916666666666667 0.028125 0.03518888888888897
8 0.5817687500000001 0.7463 0.032293750000000045 0.06666666666666667
11 0.6234375 0.6879666666666666 0.04479375000000005 0.046300000000000084
13 0.6265625 0.7509222222222223 0.032293750000000045 0.06111111111111111