63 0.24375 0.24814444444444445 0.07291874999999998 0.1370333333333333
49 0.24323125 0.6185222222222222 0.06770625000000002 0.029633333333333414
50 0.24166875000000002 0.6453666666666668 0.04166874999999998 0.027777777777777776
58 0.7520812499999999 0.2703666666666667 0.07291875000000005 0.025922222222222204
59 0.7520812499999999 0.29536666666666667 0.03333124999999995 0.027777777777777776
61 0.7505187499999999 0.617588888888889 0.07604375000000005 0.027777777777777776
62 0.75 0.6453666666666668 0.03333124999999995 0.020366666666666585
34 0.49948125 0.7805555555555556 0.036456249999999954 0.031477777777777695
16 0.39583125 0.4268555555555556 0.020831249999999954 0.035188888888888846
17 0.40833125000000003 0.48333333333333334 0.0375 0.06666666666666667
21 0.44426875000000005 0.42963333333333337 0.028125 0.037033333333333376
24 0.4578125 0.48796666666666666 0.036456249999999954 0.06481111111111115
26 0.49375 0.42869999999999997 0.029168750000000045 0.03888888888888889
29 0.5041687499999999 0.4824111111111111 0.03125 0.07222222222222222
43 0.53698125 0.42869999999999997 0.026043750000000046 0.03888888888888889
47 0.5510437499999999 0.48333333333333334 0.03333124999999995 0.06666666666666667
37 0.5875 0.42869999999999997 0.029168750000000045 0.035188888888888846
39 0.5979187499999999 0.4861111111111111 0.03541875000000005 0.06481111111111115
42 0.50051875 0.31203333333333333 0.065625 0.03888888888888889
31 0.5807312499999999 0.041666666666666664 0.09270624999999995 0.03147777777777778