52 0.240625 0.26666666666666666 0.06666874999999997 0.029633333333333352
53 0.24114375 0.29814444444444443 0.05104374999999997 0.02963333333333332
55 0.496875 0.19907777777777777 0.07083124999999996 0.03147777777777776
56 0.50104375 0.22592222222222225 0.052081249999999954 0.025922222222222204
31 0.5796875 0.043522222222222226 0.09479375000000005 0.027777777777777776
58 0.7515625 0.2703666666666667 0.06979375000000004 0.03333333333333337
59 0.7515625 0.3055555555555556 0.061456249999999955 0.040744444444444396
61 0.75104375 0.6194444444444445 0.06666875000000004 0.027777777777777776
62 0.7515625 0.6463 0.04895624999999995 0.02592222222222214
16 0.40104375 0.42963333333333337 0.029168750000000045 0.037033333333333376
18 0.40729374999999995 0.48425555555555555 0.03958124999999996 0.06852222222222218
21 0.44323124999999997 0.42869999999999997 0.023956249999999953 0.035188888888888846
22 0.45729375 0.4870333333333333 0.03541875000000005 0.07036666666666672
26 0.49739375 0.42777777777777776 0.040625 0.037033333333333376
29 0.5046875 0.4851888888888889 0.034375 0.07036666666666672
43 0.53854375 0.4305555555555556 0.025 0.035188888888888846
44 0.5515625 0.4870333333333333 0.034375 0.06666666666666667
37 0.5859375 0.4259222222222222 0.028125 0.03333333333333333
41 0.5973937500000001 0.48425555555555555 0.034375 0.07222222222222222
6 0.56979375 0.6935222222222222 0.027081249999999956 0.046300000000000084
10 0.5796875 0.7509222222222223 0.036456249999999954 0.06111111111111111
11 0.6171875 0.6925888888888889 0.026043750000000046 0.04074444444444453
12 0.62760625 0.7472222222222222 0.03437500000000007 0.0685222222222223
36 0.72760625 0.19629999999999997 0.023956249999999953 0.037033333333333314
35 0.47448124999999997 0.6833333333333333 0.019793750000000044 0.03333333333333333