31 0.57979375 0.041555555555555554 0.10208124999999996 0.03718888888888889
55 0.49604374999999995 0.20085555555555556 0.06958124999999996 0.03578888888888886
56 0.49729375 0.23086666666666666 0.06708124999999995 0.0291333333333333
54 0.5825 0.23271111111111112 0.045 0.03727777777777779
35 0.47291875 0.12638888888888888 0.020831249999999954 0.03352222222222224
36 0.47375 0.6824555555555556 0.0275 0.038988888888888795
42 0.49958125000000003 0.30977777777777776 0.10916875000000005 0.04028888888888888
33 0.50166875 0.6135555555555556 0.04833124999999996 0.02562222222222216
34 0.49895625000000005 0.7817444444444445 0.06541875000000004 0.04199999999999995
49 0.24125 0.6172555555555556 0.0675 0.03303333333333335
50 0.24333125 0.6461555555555555 0.07166874999999998 0.04637777777777779
58 0.75375 0.2738333333333333 0.0675 0.026188888888888914
59 0.7525 0.2964333333333334 0.06 0.0225
61 0.7520812499999999 0.6243 0.06916875000000004 0.03377777777777788
62 0.754375 0.6476333333333333 0.06625 0.02267777777777787
6 0.57541875 0.6906111111111111 0.04083124999999996 0.04639999999999999
11 0.6191687499999999 0.6906111111111111 0.03333124999999995 0.0375111111111111
9 0.5783312500000001 0.7454444444444445 0.03666875000000005 0.07606666666666671
15 0.63083125 0.7432222222222222 0.03666874999999997 0.08051111111111116
16 0.40291875 0.4301777777777778 0.03583124999999995 0.036644444444444466
17 0.41166874999999997 0.4831555555555555 0.03333124999999995 0.06704444444444448
21 0.455 0.4283222222222222 0.04 0.03737777777777776
25 0.45708125000000005 0.4831555555555555 0.039168750000000044 0.06704444444444448
26 0.50041875 0.4286888888888889 0.04083124999999996 0.04256666666666673
30 0.504375 0.48537777777777774 0.03125 0.06260000000000003