31 0.5789562500000001 0.03858888888888889 0.09541875000000005 0.03125555555555555
36 0.475 0.13046666666666668 0.02 0.03723333333333334
35 0.72833125 0.2016 0.021668750000000046 0.04615555555555558
34 0.49791874999999997 0.7843333333333333 0.06583124999999995 0.03385555555555558
42 0.498125 0.30754444444444445 0.13875 0.035833333333333335
52 0.24125 0.27013333333333334 0.0725 0.03655555555555553
53 0.24354375 0.2997666666666667 0.06958125000000003 0.03361111111111111
55 0.49833125 0.20048888888888888 0.06666875000000004 0.03652222222222223
56 0.49958125000000003 0.2241888888888889 0.06916875000000004 0.03357777777777775
58 0.75104375 0.27568888888888887 0.06958124999999996 0.03434444444444444
59 0.7525 0.2964333333333334 0.065 0.03138888888888889
61 0.75041875 0.6213333333333334 0.07083124999999996 0.03673333333333327
62 0.75104375 0.6431888888888889 0.06458124999999995 0.03156666666666676
6 0.574375 0.6909777777777778 0.04625 0.04270000000000007
8 0.57979375 0.7417333333333332 0.03208124999999996 0.06865555555555551
11 0.61895625 0.6913444444444445 0.03541875000000005 0.038999999999999896
13 0.62833125 0.7454444444444445 0.03666874999999997 0.07606666666666671