35 0.215625 0.5463 0.020831250000000027 0.02963333333333329
36 0.4734375 0.6842555555555556 0.017706249999999955 0.031477777777777695
34 0.49739375 0.7833333333333333 0.04270624999999995 0.03333333333333333
53 0.24010625000000002 0.2963 0.04270625000000003 0.02963333333333332
52 0.24270624999999998 0.26944444444444443 0.06666874999999997 0.027777777777777776
49 0.240625 0.6194444444444445 0.07291874999999998 0.027777777777777776
50 0.240625 0.6481444444444445 0.047918749999999975 0.029633333333333414
55 0.49635625 0.20277777777777778 0.07395624999999996 0.027777777777777776
56 0.49583125 0.22685555555555553 0.047918750000000045 0.027777777777777776
42 0.4984375 0.31203333333333333 0.11770624999999996 0.03888888888888889
16 0.39895625 0.4305555555555556 0.025 0.03888888888888889
17 0.409375 0.4870333333333333 0.03333124999999995 0.06296666666666662
21 0.44635624999999995 0.42963333333333337 0.030206249999999955 0.037033333333333376
22 0.45625 0.48425555555555555 0.03125 0.06111111111111111
26 0.49270625 0.4268555555555556 0.027081249999999956 0.03888888888888889
30 0.5046875 0.4824111111111111 0.034375 0.06481111111111115
61 0.7505187499999999 0.6203666666666667 0.071875 0.029633333333333414
62 0.7505187499999999 0.6472222222222223 0.04895624999999995 0.024077777777777858
6 0.5739562500000001 0.6907444444444444 0.03333124999999995 0.03333333333333333
8 0.5807312499999999 0.7472222222222222 0.036456249999999954 0.0685222222222223
11 0.61875 0.6907444444444444 0.027081249999999956 0.03333333333333333
13 0.6255187500000001 0.7416666666666667 0.03645625000000002 0.07592222222222214
31 0.5828125 0.0463 0.09895624999999995 0.044444444444444446