33 0.5026062499999999 0.6129666666666667 0.04895624999999995 0.04074444444444453
34 0.50051875 0.7851888888888888 0.065625 0.04074444444444453
53 0.23854375 0.2972222222222222 0.05208125000000002 0.03147777777777779
52 0.24166875000000002 0.26666666666666666 0.0625 0.025922222222222204
51 0.32864375 0.24444444444444444 0.04479375000000001 0.037033333333333314
54 0.584375 0.2324111111111111 0.047918750000000045 0.03888888888888889
56 0.49895625000000005 0.22685555555555553 0.05 0.03147777777777776
55 0.49739375 0.19907777777777777 0.06979375000000004 0.027777777777777776
57 0.67448125 0.24907777777777776 0.04895624999999995 0.03888888888888889
58 0.7520812499999999 0.27407777777777775 0.06666875000000004 0.025922222222222204
59 0.7520812499999999 0.2990777777777778 0.047918750000000045 0.027777777777777776
61 0.7520812499999999 0.6222222222222222 0.07083124999999996 0.02592222222222214
62 0.75104375 0.6463 0.041668750000000046 0.029633333333333414
6 0.56875 0.6916666666666667 0.027081249999999956 0.03518888888888897
10 0.58125 0.7490777777777777 0.03125 0.06481111111111103
11 0.61510625 0.6925888888888889 0.026043750000000046 0.03703333333333325
12 0.62760625 0.7490777777777777 0.03437500000000007 0.06111111111111111
32 0.94895625 0.8222222222222222 0.07708124999999995 0.051855555555555634
4 0.7421875 0.9092555555555556 0.090625 0.05925555555555548
3 0.8375 0.9083333333333333 0.09166875000000005 0.06111111111111111
5 0.94114375 0.9083333333333333 0.10104375000000004 0.06481111111111103
31 0.5817687500000001 0.040744444444444444 0.09895624999999995 0.040744444444444444
42 0.5 0.31296666666666667 0.06458124999999995 0.02963333333333329