16 0.3828125 0.44895833333333335 0.03125 0.04375
20 0.3977864583333333 0.5125 0.040364583333333336 0.06666666666666667
21 0.4361979166666667 0.45625 0.03125 0.04583333333333333
22 0.44921875 0.5052083333333334 0.044270833333333336 0.07291666666666667
26 0.4895833333333333 0.45 0.033854166666666664 0.03333333333333333
28 0.5045572916666666 0.5114583333333333 0.037760416666666664 0.07291666666666667
43 0.5462239583333334 0.453125 0.032552083333333336 0.04791666666666667
45 0.5592447916666666 0.5072916666666667 0.04296875 0.07291666666666667
37 0.599609375 0.44895833333333335 0.029947916666666668 0.04375
38 0.6119791666666666 0.5104166666666666 0.041666666666666664 0.06666666666666667
6 0.5774739583333334 0.7239583333333334 0.02734375 0.04375
10 0.59375 0.78125 0.036458333333333336 0.075
11 0.6360677083333334 0.725 0.03515625 0.041666666666666664
15 0.6477864583333334 0.784375 0.037760416666666664 0.06458333333333334
52 0.20182291666666666 0.2833333333333333 0.08333333333333333 0.029166666666666667
53 0.19856770833333334 0.31354166666666666 0.05859375 0.035416666666666666
55 0.4993489583333333 0.21041666666666667 0.08723958333333333 0.020833333333333332
56 0.4986979166666667 0.23854166666666668 0.041666666666666664 0.035416666666666666
58 0.79296875 0.28541666666666665 0.08072916666666667 0.025
59 0.7916666666666666 0.3145833333333333 0.052083333333333336 0.03333333333333333
63 0.79296875 0.6239583333333333 0.08333333333333333 0.14375
34 0.498046875 0.8177083333333334 0.061197916666666664 0.03125
42 0.498046875 0.3302083333333333 0.10026041666666667 0.03958333333333333