42 0.498046875 0.32708333333333334 0.16015625 0.0375
52 0.20377604166666666 0.28020833333333334 0.08723958333333333 0.027083333333333334
53 0.20377604166666666 0.309375 0.08203125 0.035416666666666666
58 0.7916666666666666 0.28229166666666666 0.08333333333333333 0.027083333333333334
59 0.7936197916666666 0.31354166666666666 0.07421875 0.03125
61 0.791015625 0.6489583333333333 0.08203125 0.03125
62 0.7923177083333334 0.6791666666666667 0.07682291666666667 0.03333333333333333
31 0.5930989583333334 0.04375 0.10807291666666667 0.03333333333333333
34 0.498046875 0.8177083333333334 0.07161458333333333 0.03125
16 0.3880208333333333 0.45 0.044270833333333336 0.0375
18 0.3958333333333333 0.5072916666666667 0.036458333333333336 0.06875
21 0.435546875 0.44895833333333335 0.032552083333333336 0.035416666666666666
25 0.4485677083333333 0.509375 0.040364583333333336 0.06458333333333334
26 0.4973958333333333 0.44895833333333335 0.0390625 0.03958333333333333
27 0.50390625 0.5114583333333333 0.041666666666666664 0.06041666666666667