49 0.201171875 0.6489583333333333 0.08723958333333333 0.022916666666666665
50 0.20052083333333334 0.6791666666666667 0.06510416666666667 0.025
52 0.201171875 0.28229166666666666 0.08203125 0.027083333333333334
53 0.20052083333333334 0.3145833333333333 0.0546875 0.03333333333333333
42 0.48046875 0.328125 0.09895833333333333 0.035416666666666666
63 0.7942708333333334 0.2625 0.08333333333333333 0.1375
34 0.501953125 0.8208333333333333 0.07421875 0.03333333333333333
16 0.3828125 0.45208333333333334 0.03125 0.0375
18 0.3951822916666667 0.509375 0.040364583333333336 0.06458333333333334
21 0.4420572916666667 0.4510416666666667 0.048177083333333336 0.035416666666666666
22 0.447265625 0.5083333333333333 0.037760416666666664 0.06666666666666667
26 0.4934895833333333 0.4510416666666667 0.033854166666666664 0.035416666666666666
28 0.501953125 0.50625 0.04296875 0.075
43 0.5423177083333334 0.4510416666666667 0.024739583333333332 0.04375
45 0.5579427083333334 0.5072916666666667 0.04296875 0.06875
37 0.6009114583333334 0.45 0.03515625 0.0375
40 0.6145833333333334 0.5072916666666667 0.0390625 0.06458333333333334
61 0.7934583333333334 0.648875 0.0868072916666667 0.026041666666666668
62 0.7927812500000001 0.673825 0.05560937499999999 0.032549999999999954
6 0.5852604166666667 0.7259083333333334 0.039333333333333324 0.03689166666666665
9 0.5920416666666667 0.7769083333333333 0.039333333333333324 0.0737833333333333
11 0.6395104166666666 0.7226583333333334 0.039333333333333324 0.03472500000000006
12 0.6490052083333333 0.7801666666666667 0.039333333333333324 0.06293333333333331
31 0.5983072916666666 0.052083333333333336 0.11588541666666667 0.041666666666666664