31 0.5928802083333333 0.04450833333333333 0.1180572916666667 0.03345833333333334
36 0.17122395833333334 0.5752 0.022135416666666668 0.04484166666666662
35 0.17295833333333333 0.20774166666666666 0.02560937499999998 0.04326666666666668
49 0.19791666666666666 0.6484833333333333 0.08333333333333333 0.03723333333333339
50 0.20052083333333334 0.6773083333333333 0.08333333333333333 0.04072499999999991
34 0.5 0.8197 0.08333333333333333 0.03384999999999991
52 0.20139062500000002 0.28415 0.07985937500000002 0.02941666666666663
53 0.20160416666666667 0.313325 0.07769270833333332 0.029424999999999955
55 0.4986979166666667 0.20844166666666666 0.08072916666666667 0.036325000000000024
56 0.49891666666666673 0.23935000000000003 0.07855729166666668 0.035641666666666655
58 0.794703125 0.28241666666666665 0.0789947916666667 0.03010833333333333
59 0.7953541666666666 0.3112416666666667 0.07769270833333337 0.04193333333333338
61 0.794921875 0.6523 0.08203125 0.032374999999999925
62 0.7955729166666666 0.6745249999999999 0.07552083333333333 0.03516666666666671
16 0.3895416666666666 0.45155833333333334 0.0420989583333333 0.03922499999999995
19 0.396703125 0.5036583333333333 0.0381927083333333 0.06842499999999992
21 0.4409739583333333 0.4526 0.043401041666666626 0.03713333333333329
23 0.4526927083333333 0.5050416666666666 0.04079687499999996 0.07120000000000004
26 0.4932708333333334 0.4526 0.0360260416666667 0.037141666666666615
27 0.5056406250000001 0.5064333333333334 0.03732812500000004 0.0739833333333333
43 0.5494791666666666 0.449475 0.036458333333333336 0.04339166666666661
47 0.560328125 0.5092166666666667 0.042536458333333374 0.07120000000000004
42 0.4993489583333333 0.326525 0.16276041666666666 0.039158333333333344