49 0.19856770833333334 0.6489583333333333 0.08203125 0.035416666666666666
50 0.19791666666666666 0.6770833333333334 0.06510416666666667 0.03333333333333333
48 0.30078125 0.6385416666666667 0.057291666666666664 0.03958333333333333
52 0.20182291666666666 0.2875 0.07552083333333333 0.025
53 0.20377604166666666 0.315625 0.05859375 0.035416666666666666
51 0.2994791666666667 0.2635416666666667 0.057291666666666664 0.035416666666666666
42 0.4993489583333333 0.328125 0.08203125 0.03958333333333333
33 0.5026041666666666 0.64375 0.052083333333333336 0.041666666666666664
34 0.49609375 0.81875 0.059895833333333336 0.03333333333333333
6 0.5787760416666666 0.7208333333333333 0.02734375 0.041666666666666664
11 0.6328125 0.7208333333333333 0.028645833333333332 0.0375
7 0.595703125 0.784375 0.040364583333333336 0.06875
12 0.6484375 0.784375 0.036458333333333336 0.06458333333333334
58 0.7916666666666666 0.2875 0.0859375 0.029166666666666667
59 0.791015625 0.3125 0.04296875 0.025
61 0.7936197916666666 0.653125 0.07682291666666667 0.022916666666666665
62 0.7955729166666666 0.6770833333333334 0.0546875 0.0375
31 0.59765625 0.04791666666666667 0.1171875 0.0375