42 0.4973958333333333 0.32708333333333334 0.08854166666666667 0.03333333333333333
49 0.20052083333333334 0.65 0.08072916666666667 0.025
48 0.298828125 0.6364583333333333 0.053385416666666664 0.035416666666666666
50 0.20052083333333334 0.6791666666666667 0.06510416666666667 0.0375
52 0.20052083333333334 0.2833333333333333 0.08072916666666667 0.029166666666666667
53 0.19986979166666666 0.309375 0.04296875 0.03125
57 0.7005208333333334 0.2625 0.0546875 0.03333333333333333
58 0.79296875 0.284375 0.078125 0.03125
59 0.79296875 0.309375 0.06510416666666667 0.03125
61 0.791015625 0.6520833333333333 0.08463541666666667 0.025
62 0.7890625 0.675 0.044270833333333336 0.029166666666666667
60 0.701171875 0.6354166666666666 0.07421875 0.0375
34 0.498046875 0.8177083333333334 0.040364583333333336 0.027083333333333334
31 0.59375 0.04583333333333333 0.11197916666666667 0.03333333333333333