49 0.201171875 0.65 0.07682291666666667 0.025
50 0.19921875 0.678125 0.06510416666666667 0.03125
52 0.19791666666666666 0.28541666666666665 0.078125 0.025
53 0.19921875 0.31145833333333334 0.06770833333333333 0.027083333333333334
58 0.7897135416666666 0.284375 0.07682291666666667 0.027083333333333334
59 0.7897135416666666 0.30625 0.06380208333333333 0.03333333333333333
61 0.7916666666666666 0.6489583333333333 0.078125 0.03125
62 0.7936197916666666 0.675 0.04296875 0.025
42 0.4993489583333333 0.3260416666666667 0.12890625 0.03125
31 0.5930989583333334 0.04791666666666667 0.11588541666666667 0.0375
16 0.380859375 0.453125 0.032552083333333336 0.04791666666666667
19 0.39453125 0.509375 0.0390625 0.06458333333333334
21 0.4329427083333333 0.44895833333333335 0.024739583333333332 0.03958333333333333
22 0.4498697916666667 0.5114583333333333 0.040364583333333336 0.06458333333333334
26 0.48828125 0.45 0.026041666666666668 0.0375
28 0.505859375 0.5083333333333333 0.03515625 0.07083333333333333
6 0.578125 0.721875 0.028645833333333332 0.035416666666666666
9 0.5924479166666666 0.7833333333333333 0.0390625 0.06666666666666667
11 0.630859375 0.7239583333333334 0.024739583333333332 0.035416666666666666
13 0.6484375 0.78125 0.041666666666666664 0.06666666666666667
35 0.763671875 0.571875 0.01953125 0.035416666666666666
36 0.7630208333333334 0.20729166666666668 0.0234375 0.035416666666666666