55 0.19965104166666667 0.28623333333333334 0.08159895833333332 0.0335833333333333
56 0.20073958333333333 0.3147166666666667 0.08116145833333335 0.03220833333333331
49 0.19769791666666667 0.6495249999999999 0.08029687499999998 0.035150000000000056
50 0.19834895833333333 0.6821666666666667 0.07899479166666665 0.033783333333333304
61 0.790796875 0.64535 0.08159895833333337 0.035150000000000056
62 0.7903645833333334 0.675225 0.07552083333333333 0.03655833333333324
6 0.5768229166666666 0.7210666666666666 0.0234375 0.044916666666666744
7 0.595921875 0.778725 0.04079687499999996 0.07689999999999998
11 0.6319427083333333 0.7207166666666667 0.024307291666666706 0.040049999999999954
15 0.6484375 0.7794166666666666 0.036458333333333336 0.07828333333333339
35 0.4711354166666667 0.7193333333333334 0.03342187500000004 0.04560833333333335
34 0.49609375 0.8193583333333333 0.08072916666666667 0.03732499999999997
33 0.5026041666666666 0.6432666666666667 0.06770833333333333 0.03931666666666672
36 0.7619375 0.571725 0.026473958333333294 0.03789166666666669
20 0.3975677083333334 0.5099083333333333 0.034723958333333374 0.06425833333333325
22 0.451171875 0.5057416666666666 0.03515625 0.07259166666666658
26 0.4880625 0.4473916666666667 0.02560937500000004 0.03921666666666662
29 0.5047760416666667 0.5057416666666666 0.035588541666666626 0.07259166666666658
21 0.435765625 0.4473916666666667 0.02777604166666663 0.03921666666666662
16 0.3821614583333333 0.4477333333333333 0.02734375 0.04408333333333336
42 0.49761458333333336 0.3272166666666667 0.1644947916666667 0.040549999999999975