31 0.5963541666666666 0.04791666666666667 0.11197916666666667 0.029166666666666667
49 0.19921875 0.6447916666666667 0.0859375 0.027083333333333334
50 0.20182291666666666 0.6770833333333334 0.06770833333333333 0.0375
55 0.4973958333333333 0.2125 0.0859375 0.025
56 0.4973958333333333 0.2375 0.0625 0.025
58 0.7923177083333334 0.28229166666666666 0.07682291666666667 0.027083333333333334
59 0.7890625 0.3125 0.041666666666666664 0.025
42 0.5026041666666666 0.325 0.1640625 0.041666666666666664
16 0.3815104166666667 0.44895833333333335 0.03125 0.03958333333333333
17 0.3958333333333333 0.5083333333333333 0.044270833333333336 0.06666666666666667
21 0.4342447916666667 0.453125 0.024739583333333332 0.04375
22 0.4485677083333333 0.5104166666666666 0.04296875 0.07083333333333333
26 0.4869791666666667 0.45416666666666666 0.026041666666666668 0.041666666666666664
28 0.5026041666666666 0.5104166666666666 0.041666666666666664 0.0625
43 0.544921875 0.44895833333333335 0.029947916666666668 0.035416666666666666
47 0.5592447916666666 0.5083333333333333 0.040364583333333336 0.06666666666666667
33 0.5013020833333334 0.646875 0.06770833333333333 0.035416666666666666
34 0.50390625 0.8197916666666667 0.06770833333333333 0.027083333333333334
6 0.5826822916666666 0.7229166666666667 0.03515625 0.0375
9 0.5930989583333334 0.7854166666666667 0.04296875 0.0625
11 0.6328125 0.7260416666666667 0.0234375 0.04791666666666667
15 0.6490885416666666 0.7833333333333333 0.040364583333333336 0.0625
36 0.173828125 0.575 0.029947916666666668 0.03333333333333333
35 0.4680989583333333 0.13541666666666666 0.022135416666666668 0.0375