49 0.19986979166666666 0.6479166666666667 0.08463541666666667 0.029166666666666667
50 0.20247395833333334 0.6770833333333334 0.061197916666666664 0.03333333333333333
52 0.201171875 0.2864583333333333 0.07942708333333333 0.027083333333333334
53 0.19921875 0.3145833333333333 0.044270833333333336 0.025
55 0.498046875 0.21145833333333333 0.07942708333333333 0.03125
56 0.4973958333333333 0.24166666666666667 0.057291666666666664 0.029166666666666667
58 0.7942708333333334 0.2791666666666667 0.078125 0.03333333333333333
59 0.7955729166666666 0.31354166666666666 0.0625 0.035416666666666666
63 0.7942708333333334 0.6208333333333333 0.08333333333333333 0.1375
16 0.3795572916666667 0.44895833333333335 0.029947916666666668 0.03958333333333333
19 0.3951822916666667 0.5145833333333333 0.04296875 0.0625
21 0.4342447916666667 0.4510416666666667 0.032552083333333336 0.035416666666666666
23 0.44921875 0.5125 0.044270833333333336 0.06666666666666667
26 0.4921875 0.45 0.033854166666666664 0.041666666666666664
27 0.50390625 0.509375 0.0390625 0.06875
43 0.5442708333333334 0.45 0.028645833333333332 0.041666666666666664
47 0.556640625 0.5104166666666666 0.040364583333333336 0.0625
39 0.61328125 0.5114583333333333 0.041666666666666664 0.06875
37 0.599609375 0.4510416666666667 0.032552083333333336 0.03958333333333333