52 0.19899999999999998 0.28589166666666666 0.08290104166666665 0.03705833333333335
53 0.20095312499999998 0.31228333333333336 0.08420312499999998 0.039850000000000045
49 0.19791666666666666 0.6502166666666667 0.08333333333333333 0.02820833333333326
50 0.19878645833333333 0.6800833333333334 0.07985937500000002 0.02960833333333331
36 0.16970312499999998 0.5724166666666667 0.02170312499999998 0.030950000000000085
55 0.4973958333333333 0.20982499999999998 0.08333333333333333 0.030766666666666678
56 0.4986979166666667 0.2403916666666667 0.08072916666666667 0.033558333333333315
42 0.49826562500000005 0.326525 0.1996510416666667 0.039158333333333344
35 0.46875 0.713075 0.020833333333333332 0.033100000000000025
34 0.5 0.8186583333333334 0.078125 0.03593333333333324
51 0.298609375 0.6349333333333333 0.08680729166666667 0.04765000000000005
6 0.5768229166666666 0.72385 0.0234375 0.04214166666666661
8 0.5944010416666666 0.7794166666666666 0.03515625 0.07828333333333339
11 0.6317291666666667 0.7221083333333334 0.026473958333333294 0.04283333333333341
12 0.6495208333333333 0.7811583333333333 0.0360260416666667 0.06925833333333326
4 0.7003020833333333 0.9489083333333334 0.1063385416666667 0.06725833333333336
2 0.8138020833333334 0.9496 0.10677083333333333 0.06865000000000009
16 0.3763020833333333 0.4470416666666667 0.018229166666666668 0.04269166666666668
19 0.3960520833333333 0.5085166666666667 0.0342864583333333 0.06981666666666664
21 0.43359375 0.4473916666666667 0.028645833333333332 0.03921666666666662
23 0.4505208333333333 0.5043500000000001 0.036458333333333336 0.07814999999999998
26 0.4858958333333333 0.44669166666666665 0.02126562499999996 0.037833333333333406
30 0.5056406250000001 0.5033083333333334 0.03732812500000004 0.08023333333333331
43 0.5403645833333334 0.4508583333333333 0.018229166666666668 0.046166666666666745
45 0.5592447916666666 0.5071249999999999 0.037760416666666664 0.06703333333333338
37 0.592015625 0.448775 0.022567708333333294 0.04200000000000008
38 0.6137135416666666 0.504 0.034723958333333374 0.07328333333333338