33 0.49978124999999995 0.8169249999999999 0.08029687499999998 0.03662500000000004
6 0.578125 0.7224583333333334 0.026041666666666668 0.03935833333333335
8 0.595703125 0.7835916666666666 0.032552083333333336 0.0782916666666667
11 0.630640625 0.7221083333333334 0.02691145833333337 0.04283333333333341
12 0.6508229166666666 0.7815 0.038630208333333374 0.0741166666666667
4 0.6998697916666666 0.9509916666666667 0.10026041666666667 0.0630916666666667
3 0.8116302083333333 0.9509916666666667 0.1024322916666667 0.0630916666666667
5 0.9322916666666666 0.953075 0.11458333333333333 0.05892500000000003
32 0.9401041666666666 0.8575583333333333 0.08854166666666667 0.05540000000000001
5 0.9309895833333334 0.9509916666666667 0.11892187499999997 0.05919166666666684
33 0.5032552083333334 0.6422249999999999 0.05078125 0.033066666666666716
48 0.3003489583333333 0.6384083333333334 0.0538177083333333 0.03792499999999999
42 0.49847916666666664 0.3279166666666667 0.07769270833333332 0.03360000000000004
52 0.19921875 0.2865833333333333 0.0859375 0.038441666666666666
53 0.201171875 0.3143666666666667 0.08723958333333333 0.027341666666666622
55 0.49782812499999995 0.20878333333333332 0.08420312499999998 0.03285000000000001
56 0.49826562500000005 0.23656666666666668 0.07465104166666668 0.03841666666666668
36 0.17100520833333333 0.5745 0.024307291666666644 0.043450000000000086
35 0.4693229166666667 0.7127333333333333 0.024739583333333332 0.03657500000000009
49 0.20182291666666666 0.652275 0.08072916666666667 0.03232499999999997
50 0.20529687500000002 0.677625 0.08246354166666668 0.02886666666666675