31 0.5924479166666666 0.053125 0.109375 0.04375
48 0.30078125 0.6322916666666667 0.052083333333333336 0.04791666666666667
49 0.19791666666666666 0.6489583333333333 0.078125 0.027083333333333334
50 0.19921875 0.6770833333333334 0.06510416666666667 0.025
51 0.2994791666666667 0.259375 0.059895833333333336 0.035416666666666666
52 0.203125 0.28541666666666665 0.08072916666666667 0.029166666666666667
53 0.20377604166666666 0.3104166666666667 0.05859375 0.03333333333333333
58 0.7936197916666666 0.28541666666666665 0.08203125 0.029166666666666667
59 0.7923177083333334 0.309375 0.055989583333333336 0.035416666666666666
61 0.7916666666666666 0.6552083333333333 0.078125 0.03125
62 0.794921875 0.6708333333333333 0.07421875 0.029166666666666667
60 0.6998697916666666 0.6364583333333333 0.055989583333333336 0.027083333333333334
33 0.5026041666666666 0.6458333333333334 0.057291666666666664 0.0375
34 0.4986979166666667 0.8177083333333334 0.057291666666666664 0.03125
35 0.4694010416666667 0.7166666666666667 0.01953125 0.03333333333333333
36 0.7643229166666666 0.575 0.020833333333333332 0.029166666666666667
42 0.5 0.32708333333333334 0.07552083333333333 0.03333333333333333
6 0.5807291666666666 0.7260416666666667 0.028645833333333332 0.04791666666666667