31 0.5983072916666666 0.052083333333333336 0.12109375 0.041666666666666664
49 0.19986979166666666 0.6510416666666666 0.07942708333333333 0.022916666666666665
50 0.20377604166666666 0.6791666666666667 0.07942708333333333 0.029166666666666667
52 0.20247395833333334 0.28229166666666666 0.08463541666666667 0.027083333333333334
53 0.19986979166666666 0.3104166666666667 0.06640625 0.029166666666666667
58 0.79296875 0.28541666666666665 0.078125 0.025
59 0.794921875 0.31354166666666666 0.05078125 0.027083333333333334
61 0.7916666666666666 0.6479166666666667 0.08333333333333333 0.03333333333333333
62 0.791015625 0.6802083333333333 0.07942708333333333 0.035416666666666666
34 0.498046875 0.821875 0.048177083333333336 0.03125
42 0.5006510416666666 0.32708333333333334 0.15234375 0.03333333333333333
16 0.3828125 0.45 0.03125 0.03333333333333333
20 0.39453125 0.5072916666666667 0.041666666666666664 0.06875
21 0.435546875 0.45 0.032552083333333336 0.0375
24 0.447265625 0.5083333333333333 0.04296875 0.075
26 0.4921875 0.45208333333333334 0.0390625 0.041666666666666664
27 0.5052083333333334 0.5104166666666666 0.0390625 0.06666666666666667
43 0.5436197916666666 0.446875 0.032552083333333336 0.035416666666666666
47 0.5592447916666666 0.5125 0.04296875 0.0625
35 0.171875 0.20520833333333333 0.0234375 0.03125
36 0.17057291666666666 0.5739583333333333 0.018229166666666668 0.035416666666666666