34 0.5006510416666666 0.81875 0.06380208333333333 0.03333333333333333
50 0.19986979166666666 0.6770833333333334 0.05859375 0.03333333333333333
49 0.197265625 0.6541666666666667 0.07942708333333333 0.029166666666666667
53 0.20052083333333334 0.3104166666666667 0.046875 0.029166666666666667
48 0.298828125 0.634375 0.053385416666666664 0.035416666666666666
52 0.201171875 0.2833333333333333 0.06380208333333333 0.029166666666666667
51 0.298828125 0.2604166666666667 0.05859375 0.0375
55 0.49609375 0.21354166666666666 0.08072916666666667 0.022916666666666665
56 0.4967447916666667 0.240625 0.045572916666666664 0.035416666666666666
58 0.79296875 0.2864583333333333 0.078125 0.022916666666666665
59 0.7903645833333334 0.31145833333333334 0.044270833333333336 0.03125
33 0.501953125 0.6447916666666667 0.05859375 0.04375
6 0.576171875 0.721875 0.024739583333333332 0.04375
11 0.6321614583333334 0.7239583333333334 0.029947916666666668 0.03958333333333333
42 0.498046875 0.32708333333333334 0.07682291666666667 0.029166666666666667
35 0.171875 0.20729166666666668 0.020833333333333332 0.022916666666666665
36 0.171875 0.575 0.020833333333333332 0.03333333333333333
7 0.5963541666666666 0.7854166666666667 0.036458333333333336 0.06666666666666667
12 0.6484375 0.7833333333333333 0.036458333333333336 0.06666666666666667
31 0.5930989583333334 0.046875 0.11328125 0.035416666666666666