52 0.19921875 0.281375 0.08072916666666667 0.040525
53 0.20008854166666667 0.30638333333333334 0.07725520833333335 0.04054166666666665
51 0.2999114583333334 0.26088333333333336 0.05295312500000004 0.04537500000000004
49 0.19683333333333333 0.6505666666666666 0.08376562500000002 0.04140833333333338
50 0.20008854166666667 0.6800833333333334 0.08246354166666668 0.03794999999999997
48 0.2960052083333334 0.6377166666666667 0.0555572916666667 0.04487499999999992
59 0.7938385416666667 0.28415 0.08246354166666663 0.02941666666666663
59 0.791015625 0.3060333333333333 0.07942708333333333 0.03567499999999996
57 0.6983489583333333 0.25915 0.05295312500000004 0.03773333333333331
61 0.79275 0.648825 0.0829010416666667 0.03376666666666665
62 0.7934010416666666 0.6717500000000001 0.08159895833333337 0.037941666666666644
60 0.701171875 0.6342416666666667 0.055989583333333336 0.03792499999999999
42 0.5004322916666667 0.326525 0.08246354166666668 0.039158333333333344
36 0.763453125 0.20913333333333337 0.02170312500000004 0.03770833333333336
35 0.7632395833333334 0.572075 0.02386979166666663 0.03441666666666663
33 0.5008697916666667 0.64605 0.059026041666666626 0.04487499999999992
34 0.498046875 0.8183166666666667 0.08203125 0.03662500000000004
6 0.5872395833333334 0.7210666666666666 0.044270833333333336 0.044916666666666744
9 0.595484375 0.7822 0.0399322916666667 0.07550833333333325
11 0.6432291666666666 0.7228083333333334 0.046875 0.044224999999999945
14 0.64865625 0.7766416666666667 0.039494791666666626 0.07272499999999998
31 0.5907135416666667 0.04276666666666667 0.1085052083333333 0.02581666666666667