52 0.20052083333333334 0.28229166666666666 0.08072916666666667 0.035416666666666666
53 0.20638020833333334 0.309375 0.05859375 0.03125
49 0.19921875 0.6489583333333333 0.08072916666666667 0.03125
50 0.19986979166666666 0.678125 0.05078125 0.027083333333333334
42 0.4986979166666667 0.325 0.13541666666666666 0.041666666666666664
58 0.791015625 0.284375 0.07682291666666667 0.022916666666666665
59 0.7903645833333334 0.309375 0.057291666666666664 0.03125
61 0.7903645833333334 0.65 0.08333333333333333 0.029166666666666667
62 0.7916666666666666 0.6802083333333333 0.0703125 0.035416666666666666
16 0.380859375 0.4479166666666667 0.02734375 0.0375
19 0.3958333333333333 0.5125 0.041666666666666664 0.06666666666666667
21 0.4329427083333333 0.45 0.02734375 0.0375
23 0.453125 0.5135416666666667 0.036458333333333336 0.05625
26 0.486328125 0.45 0.022135416666666668 0.041666666666666664
28 0.505859375 0.5135416666666667 0.04296875 0.06041666666666667
34 0.4993489583333333 0.821875 0.048177083333333336 0.035416666666666666