49 0.20182291666666666 0.6510416666666666 0.08072916666666667 0.03125
50 0.201171875 0.6791666666666667 0.061197916666666664 0.029166666666666667
52 0.203125 0.284375 0.078125 0.03125
53 0.20247395833333334 0.31354166666666666 0.061197916666666664 0.027083333333333334
42 0.4973958333333333 0.32708333333333334 0.07291666666666667 0.03333333333333333
59 0.79296875 0.31145833333333334 0.057291666666666664 0.022916666666666665
58 0.791015625 0.28541666666666665 0.07682291666666667 0.020833333333333332
57 0.7005208333333334 0.26666666666666666 0.059895833333333336 0.0375
61 0.7890625 0.6479166666666667 0.08072916666666667 0.029166666666666667
62 0.7890625 0.6760416666666667 0.059895833333333336 0.03125
60 0.701171875 0.634375 0.055989583333333336 0.035416666666666666
33 0.501953125 0.6416666666666667 0.06380208333333333 0.03333333333333333
34 0.494140625 0.81875 0.048177083333333336 0.0375
6 0.5794270833333334 0.725 0.028645833333333332 0.0375
9 0.5944010416666666 0.7822916666666667 0.040364583333333336 0.06875
11 0.6302083333333334 0.7239583333333334 0.028645833333333332 0.03958333333333333
12 0.646484375 0.7802083333333333 0.04296875 0.06875
4 0.6998697916666666 0.953125 0.10807291666666667 0.06041666666666667
3 0.8125 0.9520833333333333 0.10416666666666667 0.058333333333333334
5 0.9309895833333334 0.9520833333333333 0.1171875 0.05416666666666667
32 0.9401041666666666 0.8572916666666667 0.08854166666666667 0.04791666666666667
31 0.5963541666666666 0.040625 0.11458333333333333 0.03958333333333333
36 0.763671875 0.5739583333333333 0.024739583333333332 0.027083333333333334
35 0.46875 0.715625 0.026041666666666668 0.03125