63 0.20247395833333334 0.259375 0.08203125 0.14375
42 0.4993489583333333 0.32916666666666666 0.08723958333333333 0.029166666666666667
16 0.37890625 0.4510416666666667 0.026041666666666668 0.04375
17 0.3971354166666667 0.5135416666666667 0.0390625 0.06458333333333334
21 0.43359375 0.45208333333333334 0.0234375 0.041666666666666664
22 0.44921875 0.5104166666666666 0.041666666666666664 0.06666666666666667
26 0.4889322916666667 0.453125 0.029947916666666668 0.04791666666666667
29 0.5052083333333334 0.5104166666666666 0.041666666666666664 0.06666666666666667
43 0.5455729166666666 0.453125 0.026041666666666668 0.04791666666666667
47 0.556640625 0.5072916666666667 0.045572916666666664 0.07708333333333334
37 0.6002604166666666 0.453125 0.03125 0.04375
41 0.6145833333333334 0.5114583333333333 0.0390625 0.06458333333333334
6 0.578125 0.721875 0.028645833333333332 0.03958333333333333
8 0.59375 0.7833333333333333 0.0390625 0.06666666666666667
11 0.6334635416666666 0.7229166666666667 0.029947916666666668 0.041666666666666664
14 0.6490885416666666 0.7854166666666667 0.040364583333333336 0.06666666666666667
58 0.7916666666666666 0.2833333333333333 0.07552083333333333 0.025
59 0.7936197916666666 0.3145833333333333 0.048177083333333336 0.029166666666666667
31 0.595703125 0.04479166666666667 0.11328125 0.03125
34 0.49609375 0.81875 0.046875 0.0375