52 0.201171875 0.28541666666666665 0.07682291666666667 0.025
53 0.19921875 0.3104166666666667 0.041666666666666664 0.029166666666666667
49 0.19986979166666666 0.65 0.07682291666666667 0.029166666666666667
50 0.20442708333333334 0.6770833333333334 0.059895833333333336 0.029166666666666667
42 0.498046875 0.32395833333333335 0.15234375 0.03125
16 0.380859375 0.453125 0.029947916666666668 0.03958333333333333
21 0.4361979166666667 0.45 0.026041666666666668 0.041666666666666664
26 0.4876302083333333 0.45208333333333334 0.029947916666666668 0.041666666666666664
20 0.3977864583333333 0.5135416666666667 0.03515625 0.06041666666666667
22 0.4505208333333333 0.5125 0.036458333333333336 0.058333333333333334
28 0.5052083333333334 0.5145833333333333 0.036458333333333336 0.058333333333333334
6 0.5774739583333334 0.7229166666666667 0.02734375 0.0375
10 0.595703125 0.784375 0.03515625 0.06458333333333334
15 0.650390625 0.7854166666666667 0.03515625 0.07083333333333333
11 0.6328125 0.7260416666666667 0.03125 0.03958333333333333
55 0.4973958333333333 0.21041666666666667 0.08333333333333333 0.025
56 0.501953125 0.23854166666666668 0.045572916666666664 0.03125
58 0.79296875 0.28229166666666666 0.078125 0.027083333333333334
59 0.79296875 0.309375 0.057291666666666664 0.03125
61 0.79296875 0.65 0.07552083333333333 0.029166666666666667
62 0.7923177083333334 0.678125 0.06380208333333333 0.027083333333333334
34 0.5013020833333334 0.8177083333333334 0.0625 0.035416666666666666
35 0.4680989583333333 0.7145833333333333 0.01953125 0.029166666666666667
36 0.7630208333333334 0.575 0.020833333333333332 0.029166666666666667