52 0.19986979166666666 0.284375 0.07942708333333333 0.01875
53 0.19986979166666666 0.3104166666666667 0.048177083333333336 0.029166666666666667
49 0.20052083333333334 0.65 0.08072916666666667 0.025
50 0.20052083333333334 0.6770833333333334 0.049479166666666664 0.03333333333333333
16 0.3893229166666667 0.4510416666666667 0.044270833333333336 0.03958333333333333
21 0.4453125 0.44895833333333335 0.046875 0.03958333333333333
26 0.49609375 0.45208333333333334 0.041666666666666664 0.041666666666666664
43 0.5494791666666666 0.45 0.036458333333333336 0.0375
34 0.4986979166666667 0.8208333333333333 0.07552083333333333 0.03333333333333333
33 0.5045572916666666 0.6447916666666667 0.08203125 0.03958333333333333
6 0.5794270833333334 0.7197916666666667 0.03125 0.035416666666666666
11 0.6341145833333334 0.7208333333333333 0.028645833333333332 0.0375
55 0.49609375 0.20833333333333334 0.078125 0.029166666666666667
56 0.49609375 0.2375 0.041666666666666664 0.029166666666666667
58 0.7923177083333334 0.28541666666666665 0.07421875 0.020833333333333332
59 0.791015625 0.309375 0.048177083333333336 0.027083333333333334
61 0.794921875 0.64375 0.07942708333333333 0.029166666666666667
62 0.79296875 0.678125 0.06770833333333333 0.035416666666666666
42 0.4986979166666667 0.325 0.15625 0.03333333333333333
35 0.46875 0.7135416666666666 0.018229166666666668 0.03125
36 0.763671875 0.571875 0.01953125 0.03125
20 0.3977864583333333 0.5125 0.03515625 0.06666666666666667
22 0.4505208333333333 0.5145833333333333 0.0390625 0.06666666666666667
28 0.505859375 0.5125 0.03515625 0.0625
45 0.5611979166666666 0.5125 0.033854166666666664 0.058333333333333334
10 0.5944010416666666 0.78125 0.03515625 0.06666666666666667
15 0.6484375 0.784375 0.033854166666666664 0.06458333333333334