52 0.20008854166666667 0.2820666666666667 0.07985937500000002 0.04191666666666663
53 0.19965104166666667 0.31228333333333336 0.07899479166666665 0.039850000000000045
49 0.19856770833333334 0.6474416666666666 0.07942708333333333 0.03932500000000005
50 0.20073958333333333 0.6790416666666667 0.07334895833333335 0.02892500000000003
42 0.49978124999999995 0.32409166666666667 0.07248437499999998 0.03846666666666664
58 0.7914479166666666 0.28589166666666666 0.0829010416666667 0.02872500000000002
59 0.7923177083333334 0.31020000000000003 0.07942708333333333 0.027341666666666622
63 0.7938385416666667 0.625575 0.0850677083333333 0.15809166666666669
62 0.79275 0.6731416666666666 0.0750885416666667 0.049058333333333246
34 0.49826562500000005 0.8145 0.08246354166666668 0.03870000000000005
16 0.3895416666666666 0.4519083333333333 0.0499114583333333 0.04130833333333328
20 0.3993072916666666 0.5067833333333334 0.04079687499999996 0.07050833333333326
21 0.4453125 0.44981666666666664 0.049479166666666664 0.03991666666666674
23 0.450953125 0.5057416666666666 0.034723958333333374 0.07259166666666658
26 0.498265625 0.4480833333333334 0.051213541666666626 0.04060833333333335
27 0.50390625 0.5071333333333333 0.041666666666666664 0.07537500000000004
43 0.5546875 0.44981666666666664 0.049479166666666664 0.03991666666666674
44 0.560765625 0.5057416666666666 0.04079687499999996 0.07259166666666658
37 0.6087239583333334 0.4505166666666667 0.045572916666666664 0.04130833333333328
38 0.6137135416666666 0.507475 0.03732812500000004 0.07189999999999998
61 0.79296875 0.6481333333333333 0.078125 0.032374999999999925
31 0.59353125 0.045200000000000004 0.11675520833333337 0.034850000000000006