42 0.49717708333333327 0.32305 0.09071354166666665 0.03220833333333331
48 0.299046875 0.6349333333333333 0.051213541666666626 0.03097500000000006
33 0.502171875 0.6432666666666667 0.06683854166666668 0.030983333333333387
34 0.49631250000000005 0.8179666666666666 0.08376562500000002 0.03454166666666671
49 0.19813541666666667 0.6481333333333333 0.08116145833333335 0.032374999999999925
48 0.19661458333333334 0.6773083333333333 0.08072916666666667 0.024049999999999915
61 0.7920989583333333 0.6481333333333333 0.08420312500000003 0.032374999999999925
6 0.5737864583333334 0.7189833333333333 0.022567708333333294 0.04075000000000008
9 0.595921875 0.7780333333333334 0.035588541666666626 0.07550833333333325
11 0.62890625 0.7217583333333334 0.018229166666666668 0.03796666666666662
13 0.6490885416666666 0.7811583333333333 0.03515625 0.07759166666666659
62 0.7920989583333333 0.678 0.0789947916666667 0.03377499999999998
4 0.6983489583333333 0.9509916666666667 0.1102447916666667 0.0630916666666667
2 0.8111979166666666 0.9496 0.10677083333333333 0.06865000000000009
5 0.9301197916666666 0.9475166666666667 0.12066145833333337 0.07281666666666675
32 0.9390208333333334 0.8551333333333334 0.0889739583333333 0.046375000000000076
35 0.17100520833333333 0.571725 0.02951562499999998 0.04622500000000002
36 0.470484375 0.720375 0.02951562500000004 0.043525000000000015