52 0.19965104166666667 0.28554166666666664 0.08159895833333332 0.040525
53 0.20160416666666667 0.31193333333333334 0.08290104166666665 0.034983333333333345
49 0.19899999999999998 0.6495249999999999 0.07769270833333332 0.035150000000000056
50 0.20052083333333334 0.6786916666666666 0.08333333333333333 0.03516666666666671
48 0.29709375 0.6342416666666667 0.055119791666666626 0.03792499999999999
51 0.2994791666666667 0.2612333333333334 0.052083333333333336 0.041908333333333304
42 0.49782812499999995 0.32548333333333335 0.08420312499999998 0.041241666666666676
33 0.5004322916666667 0.6450083333333333 0.058161458333333374 0.0386166666666666
34 0.49782812499999995 0.8169249999999999 0.07899479166666665 0.03662500000000004
6 0.5807291666666666 0.7235 0.03125 0.04560833333333335
8 0.5928802083333333 0.779075 0.0399322916666667 0.07342499999999992
11 0.6412760416666666 0.72385 0.040364583333333336 0.03657500000000009
15 0.6516927083333334 0.7773333333333333 0.040364583333333336 0.08245000000000005
61 0.791234375 0.649175 0.08246354166666663 0.03862499999999992
62 0.7920989583333333 0.6762666666666667 0.0789947916666667 0.03447499999999991
58 0.7934010416666666 0.2834583333333333 0.08159895833333337 0.028024999999999998
59 0.794703125 0.3112416666666667 0.0789947916666667 0.03636666666666666
36 0.7651927083333334 0.21260833333333332 0.02517187499999996 0.03909999999999999
35 0.7647552083333333 0.5731166666666667 0.02951562500000004 0.040674999999999954
4 0.700953125 0.9496 0.1102447916666667 0.06865000000000009
2 0.8138020833333334 0.9502916666666666 0.10677083333333333 0.06169999999999997
5 0.931859375 0.9502916666666666 0.11892187499999997 0.05336666666666664
32 0.9403229166666667 0.8568666666666667 0.08636979166666663 0.054016666666666706
31 0.591578125 0.045208333333333336 0.1102447916666667 0.037625000000000006