49 0.201171875 0.646875 0.07942708333333333 0.035416666666666666
50 0.19921875 0.6791666666666667 0.06770833333333333 0.03333333333333333
53 0.20247395833333334 0.31145833333333334 0.07942708333333333 0.027083333333333334
52 0.20182291666666666 0.28541666666666665 0.08072916666666667 0.025
58 0.7955729166666666 0.28541666666666665 0.08333333333333333 0.029166666666666667
59 0.791015625 0.3125 0.053385416666666664 0.029166666666666667
42 0.498046875 0.32395833333333335 0.16276041666666666 0.03125
16 0.3815104166666667 0.4510416666666667 0.033854166666666664 0.03958333333333333
18 0.39453125 0.5104166666666666 0.044270833333333336 0.07083333333333333
21 0.4348958333333333 0.45 0.026041666666666668 0.0375
24 0.4485677083333333 0.5104166666666666 0.045572916666666664 0.06666666666666667
26 0.490234375 0.4510416666666667 0.029947916666666668 0.03958333333333333
27 0.5032552083333334 0.5114583333333333 0.045572916666666664 0.06875
61 0.791015625 0.65 0.08463541666666667 0.020833333333333332
62 0.7897135416666666 0.6760416666666667 0.053385416666666664 0.027083333333333334
34 0.494140625 0.821875 0.048177083333333336 0.027083333333333334
31 0.5904947916666666 0.046875 0.11328125 0.035416666666666666
6 0.578125 0.7208333333333333 0.028645833333333332 0.03333333333333333
8 0.591796875 0.78125 0.04296875 0.075
11 0.634765625 0.7239583333333334 0.02734375 0.035416666666666666
15 0.6484375 0.778125 0.0390625 0.07291666666666667
36 0.7643229166666666 0.2125 0.0234375 0.0375
35 0.7623697916666666 0.5708333333333333 0.01953125 0.029166666666666667