49 0.14705882352941177 0.7253384912959381 0.09176470588235294 0.027079303675048357
50 0.14882352941176472 0.7572533849129593 0.05764705882352941 0.0367504835589942
52 0.14823529411764705 0.3056092843326886 0.09176470588235294 0.027079303675048357
53 0.14705882352941177 0.33752417794970985 0.042352941176470586 0.03288201160541586
58 0.8135294117647058 0.3065764023210832 0.08823529411764706 0.029013539651837523
59 0.8170588235294117 0.33752417794970985 0.05058823529411765 0.03288201160541586
61 0.8182352941176471 0.7224371373307543 0.09058823529411765 0.0367504835589942
62 0.8164705882352942 0.7562862669245648 0.06352941176470588 0.03868471953578337
42 0.48823529411764705 0.35009671179883944 0.15294117647058825 0.05415860735009671
31 0.59 0.024177949709864602 0.1188235294117647 0.029013539651837523
16 0.35 0.4961315280464217 0.024705882352941175 0.04448742746615087
20 0.37 0.5618955512572534 0.04588235294117647 0.07543520309477757
21 0.4111764705882353 0.49806576402321084 0.027058823529411764 0.048355899419729204
24 0.42764705882352944 0.5657640232108317 0.04823529411764706 0.07543520309477757
26 0.47411764705882353 0.4941972920696325 0.03058823529411765 0.04061895551257253
30 0.4923529411764706 0.5618955512572534 0.041176470588235294 0.07930367504835589
43 0.5335294117647059 0.4932301740812379 0.024705882352941175 0.03481624758220503
46 0.5535294117647059 0.5676982591876208 0.041176470588235294 0.07156673114119923
34 0.48764705882352943 0.9206963249516441 0.05058823529411765 0.03481624758220503
36 0.11529411764705882 0.6382978723404256 0.023529411764705882 0.03868471953578337
35 0.7829411764705883 0.2137330754352031 0.02 0.0367504835589942