16 0.392578125 0.45 0.05078125 0.0375
21 0.4401041666666667 0.45 0.0390625 0.03333333333333333
26 0.4934895833333333 0.45 0.033854166666666664 0.03333333333333333
49 0.19986979166666666 0.646875 0.07682291666666667 0.03125
50 0.19856770833333334 0.6791666666666667 0.06380208333333333 0.029166666666666667
42 0.5006510416666666 0.3260416666666667 0.14713541666666666 0.035416666666666666
52 0.20182291666666666 0.2833333333333333 0.078125 0.025
53 0.203125 0.3125 0.049479166666666664 0.029166666666666667
58 0.79296875 0.28541666666666665 0.078125 0.025
59 0.79296875 0.31145833333333334 0.057291666666666664 0.027083333333333334
61 0.7936197916666666 0.65 0.08203125 0.025
62 0.79296875 0.6770833333333334 0.06770833333333333 0.025
6 0.5833333333333334 0.721875 0.041666666666666664 0.035416666666666666
11 0.6399739583333334 0.721875 0.040364583333333336 0.04375
35 0.470703125 0.7145833333333333 0.01953125 0.029166666666666667
36 0.7630208333333334 0.5729166666666666 0.018229166666666668 0.025
4 0.69921875 0.9510416666666667 0.10677083333333333 0.06875
3 0.8118489583333334 0.9479166666666666 0.10286458333333333 0.0625
1 0.9296875 0.9489583333333333 0.1171875 0.06458333333333334
18 0.3984375 0.5125 0.0390625 0.0625
22 0.451171875 0.5135416666666667 0.037760416666666664 0.06458333333333334
27 0.505859375 0.5125 0.040364583333333336 0.0625
9 0.5944010416666666 0.7854166666666667 0.037760416666666664 0.0625
12 0.6490885416666666 0.7864583333333334 0.040364583333333336 0.06041666666666667
31 0.5944010416666666 0.04791666666666667 0.10546875 0.025