52 0.20052083333333334 0.281725 0.078125 0.03705000000000003
53 0.201171875 0.314025 0.08203125 0.03915000000000002
49 0.19813541666666667 0.6467416666666667 0.08116145833333335 0.03793333333333332
50 0.19834895833333333 0.6807749999999999 0.07899479166666665 0.022666666666666703
34 0.49956770833333336 0.8131083333333333 0.07725520833333335 0.041491666666666635
61 0.7916666666666666 0.64535 0.08333333333333333 0.035150000000000056
62 0.78884375 0.67765 0.08029687500000003 0.03725000000000004
58 0.79275 0.28241666666666665 0.0829010416666667 0.03010833333333333
59 0.7925364583333334 0.31228333333333336 0.07465104166666663 0.03150833333333329
42 0.4986979166666667 0.32548333333333335 0.1328125 0.03290833333333334
16 0.3819427083333334 0.4477333333333333 0.02951562500000004 0.04408333333333336
19 0.3973541666666666 0.5050416666666666 0.03689062499999996 0.07120000000000004
21 0.4361979166666667 0.44912500000000005 0.033854166666666664 0.03852500000000002
22 0.451390625 0.50505 0.0381927083333333 0.07953333333333337
26 0.4954427083333333 0.4508583333333333 0.040364583333333336 0.046166666666666745
28 0.5052083333333334 0.507825 0.036458333333333336 0.06842499999999992
43 0.5462239583333334 0.4480833333333334 0.032552083333333336 0.04060833333333335
44 0.5590260416666666 0.5057416666666666 0.0399322916666667 0.08092499999999991
31 0.5913645833333334 0.043816666666666663 0.10720312499999997 0.032075000000000006
36 0.16840104166666667 0.5741583333333333 0.024307291666666644 0.03859166666666662
35 0.17274479166666667 0.2112166666666667 0.022567708333333356 0.04188333333333335