34 0.49826562500000005 0.8190083333333333 0.08506770833333335 0.032458333333333374
33 0.5004322916666667 0.6432666666666667 0.05295312500000004 0.030983333333333387
60 0.6998697916666666 0.6338916666666666 0.06901041666666667 0.03305833333333339
61 0.7934010416666666 0.6474333333333333 0.08159895833333337 0.030983333333333387
62 0.7899322916666667 0.678 0.07465104166666663 0.025441666666666644
6 0.5731354166666667 0.7196750000000001 0.018661458333333294 0.04213333333333329
11 0.6280364583333333 0.7214166666666667 0.02170312500000004 0.04144166666666668
15 0.650609375 0.778725 0.035588541666666626 0.07689999999999998
7 0.5952708333333334 0.778725 0.03689062499999996 0.07689999999999998
42 0.49782812499999995 0.326525 0.08941145833333332 0.039158333333333344
36 0.7643229166666666 0.5738083333333334 0.0234375 0.033725000000000026
35 0.46875 0.7148166666666667 0.020833333333333332 0.032408333333333414