52 0.20073958333333333 0.2851916666666667 0.08116145833333335 0.027333333333333296
53 0.19878645833333333 0.314025 0.07985937500000002 0.03915000000000002
49 0.20052083333333334 0.648825 0.078125 0.042099999999999985
50 0.19965104166666667 0.6766083333333333 0.07639062499999998 0.031000000000000038
35 0.17079166666666667 0.572075 0.02126562500000002 0.03441666666666663
55 0.49847916666666664 0.21086666666666665 0.08290104166666665 0.028683333333333345
56 0.49826562500000005 0.23760833333333334 0.07985937500000002 0.028000000000000018
58 0.7936197916666666 0.28241666666666665 0.08463541666666667 0.03010833333333333
59 0.7925364583333334 0.31401666666666667 0.07985937499999997 0.030816666666666683
61 0.7894947916666666 0.6495249999999999 0.0789947916666667 0.035150000000000056
62 0.7905833333333334 0.6762666666666667 0.08376562499999997 0.03447499999999991
34 0.49696354166666673 0.8204 0.07725520833333335 0.04357499999999997
36 0.7610677083333334 0.571725 0.024739583333333332 0.04622500000000002
42 0.49826562500000005 0.32444166666666663 0.14756770833333335 0.04332500000000001
16 0.3784739583333333 0.4505166666666667 0.022567708333333294 0.04130833333333328
19 0.3980052083333333 0.5053916666666667 0.04079687499999996 0.06772499999999998
21 0.4327239583333334 0.449475 0.02170312500000004 0.04339166666666661
23 0.4503020833333334 0.5050416666666666 0.03342187500000004 0.07120000000000004
26 0.4876302083333333 0.449475 0.029947916666666668 0.04339166666666661
28 0.5056406250000001 0.507825 0.03732812500000004 0.06842499999999992
43 0.53928125 0.4501666666666667 0.018661458333333294 0.044775000000000016
43 0.558375 0.5099083333333333 0.04123437500000004 0.07259166666666658
31 0.59396875 0.04624166666666667 0.1124114583333333 0.03276666666666667