42 0.4993489583333333 0.328125 0.13151041666666666 0.035416666666666666
52 0.20052083333333334 0.284375 0.07552083333333333 0.022916666666666665
53 0.19921875 0.3145833333333333 0.0703125 0.025
49 0.20247395833333334 0.6489583333333333 0.07942708333333333 0.022916666666666665
50 0.197265625 0.6802083333333333 0.05859375 0.03125
58 0.79296875 0.28854166666666664 0.08072916666666667 0.022916666666666665
59 0.7903645833333334 0.3125 0.0625 0.0375
61 0.7903645833333334 0.65 0.078125 0.025
16 0.3795572916666667 0.45 0.024739583333333332 0.041666666666666664
19 0.3977864583333333 0.5104166666666666 0.037760416666666664 0.0625
21 0.4348958333333333 0.453125 0.0234375 0.03958333333333333
22 0.44921875 0.5104166666666666 0.041666666666666664 0.06666666666666667
26 0.4856770833333333 0.4510416666666667 0.018229166666666668 0.03958333333333333
28 0.50390625 0.5114583333333333 0.0390625 0.06041666666666667
6 0.5774739583333334 0.725 0.02734375 0.041666666666666664
9 0.5950520833333334 0.784375 0.036458333333333336 0.06041666666666667
11 0.6328125 0.7229166666666667 0.0234375 0.0375
13 0.6497395833333334 0.7802083333333333 0.0390625 0.07291666666666667
31 0.5924479166666666 0.046875 0.10416666666666667 0.027083333333333334
34 0.5 0.8177083333333334 0.057291666666666664 0.03125
62 0.790796875 0.6763916666666666 0.06423437499999997 0.025