49 0.19986979166666666 0.6510416666666666 0.07942708333333333 0.01875
50 0.203125 0.678125 0.059895833333333336 0.035416666666666666
55 0.4967447916666667 0.20833333333333334 0.07942708333333333 0.03333333333333333
56 0.498046875 0.23645833333333333 0.055989583333333336 0.03125
58 0.7916666666666666 0.2833333333333333 0.08072916666666667 0.025
59 0.7942708333333334 0.3125 0.033854166666666664 0.03333333333333333
6 0.578125 0.7208333333333333 0.026041666666666668 0.0375
9 0.59375 0.7833333333333333 0.041666666666666664 0.0625
11 0.6295572916666666 0.721875 0.022135416666666668 0.04375
14 0.6484375 0.78125 0.0390625 0.07083333333333333
42 0.498046875 0.325 0.06901041666666667 0.029166666666666667
48 0.298828125 0.6354166666666666 0.05078125 0.0375
33 0.5 0.64375 0.052083333333333336 0.0375
4 0.6998697916666666 0.9479166666666666 0.10546875 0.06666666666666667
3 0.8118489583333334 0.95 0.10546875 0.06666666666666667
5 0.9309895833333334 0.9489583333333333 0.11979166666666667 0.06875
32 0.9407552083333334 0.85625 0.08984375 0.05
36 0.169921875 0.5729166666666666 0.02734375 0.03333333333333333
35 0.46875 0.715625 0.018229166666666668 0.027083333333333334