55 0.49609375 0.20729166666666668 0.078125 0.03125
56 0.4928385416666667 0.23541666666666666 0.045572916666666664 0.03333333333333333
49 0.19986979166666666 0.646875 0.07682291666666667 0.035416666666666666
50 0.19986979166666666 0.6760416666666667 0.061197916666666664 0.027083333333333334
42 0.4973958333333333 0.3260416666666667 0.14583333333333334 0.035416666666666666
58 0.7916666666666666 0.2833333333333333 0.078125 0.029166666666666667
59 0.7916666666666666 0.31145833333333334 0.059895833333333336 0.035416666666666666
61 0.791015625 0.65 0.07942708333333333 0.020833333333333332
62 0.791015625 0.6770833333333334 0.055989583333333336 0.029166666666666667
57 0.6998697916666666 0.25833333333333336 0.05859375 0.0375
60 0.6966145833333334 0.6354166666666666 0.06510416666666667 0.03333333333333333
4 0.701171875 0.95 0.10807291666666667 0.0625
2 0.8131510416666666 0.946875 0.10807291666666667 0.06875
0 0.9296875 0.9510416666666667 0.1171875 0.06458333333333334
16 0.3834635416666667 0.44895833333333335 0.032552083333333336 0.03958333333333333
21 0.4342447916666667 0.45208333333333334 0.02734375 0.041666666666666664
19 0.396484375 0.509375 0.04296875 0.06458333333333334
23 0.4518229166666667 0.5135416666666667 0.036458333333333336 0.06458333333333334
26 0.4869791666666667 0.4510416666666667 0.020833333333333332 0.035416666666666666
27 0.5045572916666666 0.5072916666666667 0.040364583333333336 0.07291666666666667
43 0.5442708333333334 0.4510416666666667 0.028645833333333332 0.035416666666666666
45 0.5592447916666666 0.509375 0.040364583333333336 0.06458333333333334
6 0.5774739583333334 0.7229166666666667 0.029947916666666668 0.0375
7 0.5930989583333334 0.78125 0.04296875 0.06666666666666667
11 0.6295572916666666 0.721875 0.022135416666666668 0.035416666666666666
14 0.6497395833333334 0.78125 0.041666666666666664 0.07083333333333333
35 0.4694010416666667 0.7177083333333333 0.022135416666666668 0.03125
36 0.7623697916666666 0.5729166666666666 0.01953125 0.03333333333333333