52 0.201171875 0.2864583333333333 0.08463541666666667 0.027083333333333334
53 0.203125 0.31354166666666666 0.06770833333333333 0.035416666666666666
49 0.20182291666666666 0.6510416666666666 0.08072916666666667 0.022916666666666665
50 0.19856770833333334 0.675 0.06380208333333333 0.041666666666666664
42 0.4986979166666667 0.3302083333333333 0.12760416666666666 0.035416666666666666
58 0.7923177083333334 0.2864583333333333 0.08203125 0.01875
59 0.7916666666666666 0.31354166666666666 0.049479166666666664 0.035416666666666666
61 0.7936197916666666 0.6489583333333333 0.08203125 0.022916666666666665
62 0.7877604166666666 0.6729166666666667 0.0546875 0.0375
6 0.578125 0.7229166666666667 0.026041666666666668 0.041666666666666664
9 0.5944010416666666 0.7885416666666667 0.040364583333333336 0.06458333333333334
11 0.6315104166666666 0.7229166666666667 0.026041666666666668 0.0375
13 0.650390625 0.784375 0.037760416666666664 0.06875
16 0.3795572916666667 0.44895833333333335 0.024739583333333332 0.03958333333333333
19 0.396484375 0.5145833333333333 0.040364583333333336 0.0625
21 0.4348958333333333 0.4510416666666667 0.026041666666666668 0.03958333333333333
22 0.4505208333333333 0.5135416666666667 0.041666666666666664 0.06041666666666667
26 0.4869791666666667 0.45208333333333334 0.026041666666666668 0.0375
28 0.5045572916666666 0.5104166666666666 0.037760416666666664 0.07083333333333333
43 0.5462239583333334 0.4510416666666667 0.03515625 0.04791666666666667
46 0.5592447916666666 0.509375 0.037760416666666664 0.07291666666666667
37 0.6009114583333334 0.45 0.037760416666666664 0.0375
41 0.6126302083333334 0.5104166666666666 0.037760416666666664 0.0625
34 0.50390625 0.8197916666666667 0.057291666666666664 0.03125
4 0.6985677083333334 0.9489583333333333 0.10546875 0.05625
3 0.8138020833333334 0.9479166666666666 0.10677083333333333 0.0625
1 0.9290364583333334 0.95 0.11588541666666667 0.0625
32 0.9407552083333334 0.8583333333333333 0.08984375 0.04583333333333333
35 0.765625 0.5708333333333333 0.0234375 0.03333333333333333
36 0.763671875 0.21354166666666666 0.022135416666666668 0.035416666666666666