42 0.5013020833333334 0.3260416666666667 0.15625 0.03958333333333333
49 0.201171875 0.6510416666666666 0.07942708333333333 0.027083333333333334
50 0.19921875 0.68125 0.046875 0.03333333333333333
16 0.380859375 0.44895833333333335 0.02734375 0.035416666666666666
21 0.4388020833333333 0.4510416666666667 0.03125 0.03958333333333333
19 0.3971354166666667 0.5135416666666667 0.0390625 0.05625
23 0.4518229166666667 0.5114583333333333 0.0390625 0.06041666666666667
26 0.4876302083333333 0.44895833333333335 0.024739583333333332 0.04375
27 0.5065104166666666 0.5135416666666667 0.0390625 0.06041666666666667
43 0.5416666666666666 0.44895833333333335 0.026041666666666668 0.04375
45 0.560546875 0.5145833333333333 0.04296875 0.058333333333333334
37 0.5944010416666666 0.45208333333333334 0.022135416666666668 0.0375
41 0.61328125 0.5125 0.041666666666666664 0.06666666666666667
57 0.7018229166666666 0.26145833333333335 0.0703125 0.04375
58 0.7923177083333334 0.28229166666666666 0.07161458333333333 0.03125
59 0.791015625 0.3125 0.053385416666666664 0.029166666666666667
61 0.7897135416666666 0.6489583333333333 0.08203125 0.035416666666666666
62 0.7955729166666666 0.675 0.057291666666666664 0.025
6 0.578125 0.721875 0.03125 0.035416666666666666
7 0.5963541666666666 0.7833333333333333 0.0390625 0.0625
11 0.6354166666666666 0.721875 0.03125 0.04375
14 0.6477864583333334 0.784375 0.04296875 0.06041666666666667
4 0.6998697916666666 0.95 0.10807291666666667 0.07083333333333333
0 0.9303385416666666 0.9510416666666667 0.11848958333333333 0.06458333333333334
34 0.5006510416666666 0.8177083333333334 0.055989583333333336 0.03125