42 0.5006510416666666 0.325 0.14453125 0.03333333333333333
49 0.19856770833333334 0.6510416666666666 0.08203125 0.027083333333333334
50 0.19856770833333334 0.6770833333333334 0.06640625 0.03333333333333333
52 0.201171875 0.284375 0.08203125 0.027083333333333334
53 0.19986979166666666 0.3145833333333333 0.05859375 0.029166666666666667
55 0.79296875 0.284375 0.07291666666666667 0.03125
56 0.7923177083333334 0.31145833333333334 0.06380208333333333 0.027083333333333334
16 0.3828125 0.4479166666666667 0.03125 0.03333333333333333
21 0.4361979166666667 0.45 0.028645833333333332 0.0375
26 0.490234375 0.44895833333333335 0.02734375 0.03958333333333333
19 0.3958333333333333 0.5145833333333333 0.0390625 0.0625
23 0.4524739583333333 0.5104166666666666 0.040364583333333336 0.06666666666666667
28 0.5084635416666666 0.5114583333333333 0.037760416666666664 0.06041666666666667
43 0.5442708333333334 0.4510416666666667 0.028645833333333332 0.035416666666666666
47 0.560546875 0.509375 0.03515625 0.07291666666666667
37 0.6002604166666666 0.45 0.03125 0.0375
41 0.6158854166666666 0.5104166666666666 0.036458333333333336 0.06666666666666667
34 0.4973958333333333 0.8166666666666667 0.057291666666666664 0.041666666666666664
61 0.7903645833333334 0.6489583333333333 0.07552083333333333 0.03125
62 0.791015625 0.6760416666666667 0.06901041666666667 0.027083333333333334