49 0.19921875 0.6510416666666666 0.078125 0.022916666666666665
50 0.19791666666666666 0.6802083333333333 0.049479166666666664 0.027083333333333334
52 0.19986979166666666 0.2875 0.07942708333333333 0.025
53 0.19921875 0.31145833333333334 0.049479166666666664 0.027083333333333334
55 0.498046875 0.209375 0.08203125 0.027083333333333334
56 0.4954427083333333 0.23958333333333334 0.04296875 0.029166666666666667
57 0.701171875 0.26145833333333335 0.055989583333333336 0.035416666666666666
58 0.79296875 0.28541666666666665 0.0703125 0.020833333333333332
59 0.7942708333333334 0.3125 0.059895833333333336 0.025
60 0.701171875 0.6385416666666667 0.053385416666666664 0.04375
61 0.7942708333333334 0.653125 0.08333333333333333 0.03125
62 0.7923177083333334 0.68125 0.05859375 0.0375
33 0.5032552083333334 0.6447916666666667 0.055989583333333336 0.03125
34 0.501953125 0.821875 0.053385416666666664 0.027083333333333334
6 0.5794270833333334 0.7208333333333333 0.028645833333333332 0.03333333333333333
10 0.5930989583333334 0.7802083333333333 0.04296875 0.07291666666666667
11 0.6334635416666666 0.725 0.032552083333333336 0.041666666666666664
15 0.6490885416666666 0.784375 0.04296875 0.06458333333333334
35 0.470703125 0.7166666666666667 0.024739583333333332 0.0375
36 0.76171875 0.571875 0.0234375 0.03125
31 0.5924479166666666 0.04791666666666667 0.11197916666666667 0.029166666666666667