42 0.498046875 0.328125 0.11848958333333333 0.03958333333333333
49 0.201171875 0.65 0.08203125 0.029166666666666667
50 0.19986979166666666 0.678125 0.061197916666666664 0.03125
52 0.19921875 0.290625 0.078125 0.022916666666666665
53 0.20182291666666666 0.30833333333333335 0.059895833333333336 0.029166666666666667
55 0.4967447916666667 0.209375 0.07942708333333333 0.03125
56 0.4973958333333333 0.234375 0.078125 0.027083333333333334
58 0.7916666666666666 0.2833333333333333 0.07552083333333333 0.025
59 0.79296875 0.31354166666666666 0.0546875 0.035416666666666666
16 0.3802083333333333 0.44895833333333335 0.026041666666666668 0.03958333333333333
19 0.3958333333333333 0.5072916666666667 0.041666666666666664 0.06458333333333334
21 0.43359375 0.45 0.020833333333333332 0.0375
23 0.44921875 0.509375 0.0390625 0.06875
26 0.4915364583333333 0.4510416666666667 0.029947916666666668 0.04375
27 0.5071614583333334 0.5104166666666666 0.037760416666666664 0.07083333333333333
43 0.5442708333333334 0.4479166666666667 0.026041666666666668 0.041666666666666664
44 0.5579427083333334 0.5083333333333333 0.04296875 0.075
34 0.5013020833333334 0.821875 0.0546875 0.03958333333333333
6 0.576171875 0.721875 0.022135416666666668 0.03958333333333333
11 0.6321614583333334 0.7229166666666667 0.024739583333333332 0.0375
12 0.5924479166666666 0.784375 0.041666666666666664 0.06458333333333334
13 0.6451822916666666 0.7833333333333333 0.040364583333333336 0.06666666666666667
4 0.701171875 0.95 0.10546875 0.058333333333333334
3 0.8125 0.9489583333333333 0.109375 0.06875
1 0.9290364583333334 0.9489583333333333 0.12109375 0.06041666666666667
32 0.9388020833333334 0.8572916666666667 0.09114583333333333 0.04791666666666667
61 0.7936197916666666 0.6510416666666666 0.08463541666666667 0.03125
62 0.7884114583333334 0.6739583333333333 0.053385416666666664 0.027083333333333334
31 0.595703125 0.04479166666666667 0.11067708333333333 0.027083333333333334