49 0.19986979166666666 0.6479166666666667 0.08203125 0.029166666666666667
50 0.19986979166666666 0.6791666666666667 0.05859375 0.0375
53 0.203125 0.31145833333333334 0.046875 0.03125
52 0.19986979166666666 0.28020833333333334 0.08463541666666667 0.03125
55 0.498046875 0.21145833333333333 0.07682291666666667 0.027083333333333334
56 0.4947916666666667 0.234375 0.052083333333333336 0.035416666666666666
54 0.595703125 0.23958333333333334 0.061197916666666664 0.041666666666666664
57 0.6985677083333334 0.2604166666666667 0.055989583333333336 0.041666666666666664
58 0.7897135416666666 0.2864583333333333 0.07682291666666667 0.035416666666666666
59 0.7897135416666666 0.309375 0.055989583333333336 0.03958333333333333
61 0.79296875 0.6510416666666666 0.08072916666666667 0.027083333333333334
62 0.7923177083333334 0.675 0.04296875 0.029166666666666667
36 0.4680989583333333 0.7166666666666667 0.016927083333333332 0.029166666666666667
35 0.171875 0.5739583333333333 0.0234375 0.027083333333333334
48 0.298828125 0.6364583333333333 0.05078125 0.027083333333333334
33 0.5032552083333334 0.64375 0.061197916666666664 0.041666666666666664
34 0.4973958333333333 0.81875 0.057291666666666664 0.03333333333333333
6 0.576171875 0.7229166666666667 0.02734375 0.03333333333333333
11 0.6315104166666666 0.7229166666666667 0.0234375 0.0375
7 0.5944010416666666 0.7833333333333333 0.037760416666666664 0.06666666666666667
14 0.6484375 0.784375 0.0390625 0.06875
16 0.3815104166666667 0.44583333333333336 0.03125 0.0375
17 0.3951822916666667 0.5125 0.037760416666666664 0.06666666666666667
21 0.4322916666666667 0.4479166666666667 0.0234375 0.03333333333333333
24 0.4524739583333333 0.5114583333333333 0.040364583333333336 0.06458333333333334
26 0.4889322916666667 0.44895833333333335 0.024739583333333332 0.03958333333333333
28 0.505859375 0.5114583333333333 0.03515625 0.06458333333333334
42 0.4993489583333333 0.32708333333333334 0.14453125 0.0375