35 0.470484375 0.713425 0.02951562500000004 0.04629999999999995
36 0.76171875 0.5710333333333334 0.0234375 0.03649999999999996
6 0.576171875 0.7217583333333334 0.01953125 0.03796666666666662
11 0.6297760416666667 0.7182916666666667 0.01996354166666663 0.03935833333333335
7 0.5941822916666666 0.7822 0.03732812500000004 0.07550833333333325
15 0.650609375 0.77595 0.035588541666666626 0.07967499999999991
49 0.19921875 0.6502166666666667 0.08072916666666667 0.02820833333333326
50 0.19791666666666666 0.6759166666666667 0.08333333333333333 0.02960833333333331
61 0.791234375 0.6474333333333333 0.08246354166666663 0.030983333333333387
60 0.701390625 0.6342416666666667 0.0538177083333333 0.02959166666666666
62 0.7923177083333334 0.6800833333333334 0.08203125 0.02960833333333331
33 0.5026041666666666 0.6436166666666667 0.057291666666666664 0.03584166666666666
34 0.49847916666666664 0.8179666666666666 0.08290104166666665 0.03454166666666671
4 0.69921875 0.9496 0.10677083333333333 0.06865000000000009
3 0.8111979166666666 0.9471666666666666 0.10677083333333333 0.06794999999999997
5 0.9307708333333333 0.9485583333333333 0.11935937500000003 0.062391666666666575
32 0.94140625 0.8579083333333334 0.0859375 0.04359166666666662
42 0.4967447916666667 0.32444166666666663 0.07421875 0.03499166666666667