52 0.20269270833333333 0.2820666666666667 0.08246354166666668 0.0335833333333333
53 0.20052083333333334 0.3108916666666667 0.078125 0.037066666666666685
49 0.20008854166666667 0.6495249999999999 0.08246354166666668 0.035150000000000056
50 0.19878645833333333 0.678 0.08506770833333335 0.03377499999999998
35 0.17144270833333333 0.5727666666666668 0.02517187500000002 0.04414166666666669
48 0.298828125 0.635975 0.07421875 0.03723333333333339
36 0.4691822916666667 0.7158583333333333 0.02691145833333337 0.047000000000000076
34 0.4973958333333333 0.8186583333333334 0.078125 0.03593333333333324
33 0.5006510416666666 0.6418833333333334 0.055989583333333336 0.03654166666666659
6 0.5829010416666667 0.7224583333333334 0.04079687499999996 0.03935833333333335
7 0.5950520833333334 0.7776833333333334 0.0390625 0.07898333333333331
11 0.63671875 0.7189833333333333 0.033854166666666664 0.04075000000000008
14 0.6480052083333334 0.7773333333333333 0.04079687499999996 0.08245000000000005
61 0.7925364583333334 0.6463916666666666 0.07985937499999997 0.033066666666666716
62 0.7920989583333333 0.6724416666666666 0.0789947916666667 0.03933333333333337
16 0.3901927083333333 0.4508583333333333 0.051213541666666626 0.037833333333333406
17 0.3951822916666667 0.50505 0.037760416666666664 0.07953333333333337
21 0.4409739583333333 0.4505166666666667 0.043401041666666626 0.04130833333333328
24 0.44921875 0.507825 0.0390625 0.07675833333333325
26 0.4963125 0.4480833333333334 0.0420989583333333 0.04060833333333335
28 0.5060781249999999 0.507825 0.0381927083333333 0.07675833333333325
43 0.5516510416666667 0.44912500000000005 0.0460052083333333 0.03852500000000002
47 0.5609791666666666 0.5029583333333333 0.0360260416666667 0.0753666666666667
58 0.7916666666666666 0.28554166666666664 0.078125 0.040525
59 0.7925364583333334 0.30985 0.07985937499999997 0.022483333333333348
55 0.49696354166666673 0.20913333333333337 0.08246354166666668 0.029375000000000023
56 0.49782812499999995 0.23830833333333334 0.07899479166666665 0.029391666666666653
54 0.4952239583333334 0.37549166666666667 0.058161458333333374 0.03293333333333332
42 0.49891666666666673 0.32305 0.15147395833333335 0.040549999999999975
31 0.5911458333333334 0.04555 0.10764062500000003 0.03137500000000001