52 0.19965104166666667 0.28276666666666667 0.08159895833333332 0.034966666666666694
53 0.19921875 0.3147166666666667 0.08072916666666667 0.03220833333333331
49 0.20008854166666667 0.6470916666666666 0.08246354166666668 0.03445833333333326
50 0.20030208333333333 0.6793916666666666 0.07508854166666665 0.02822499999999991
36 0.46896875 0.7175916666666666 0.02386979166666663 0.03796666666666662
34 0.49761458333333336 0.8190083333333333 0.08116145833333335 0.04080000000000003
33 0.5002187499999999 0.6411833333333333 0.055119791666666626 0.035150000000000056
61 0.7925364583333334 0.64605 0.07985937499999997 0.03654166666666659
62 0.79296875 0.678 0.08072916666666667 0.03377499999999998
58 0.791015625 0.28485 0.07942708333333333 0.03914166666666669
59 0.791015625 0.30985 0.08463541666666667 0.03915000000000002
42 0.498046875 0.32548333333333335 0.07682291666666667 0.041241666666666676
60 0.7003020833333333 0.2612333333333334 0.054255208333333374 0.03356666666666664
6 0.5746510416666666 0.7217583333333334 0.024307291666666706 0.03796666666666662
8 0.59765625 0.77595 0.0390625 0.07967499999999991
11 0.6341145833333334 0.7186333333333333 0.028645833333333332 0.04421666666666662
15 0.650609375 0.7783749999999999 0.035588541666666626 0.08036666666666671
35 0.7651927083333334 0.20844166666666666 0.030380208333333294 0.036325000000000024