53 0.203125 0.31354166666666666 0.0703125 0.03125
52 0.203125 0.2833333333333333 0.078125 0.029166666666666667
51 0.3014322916666667 0.2552083333333333 0.05859375 0.04791666666666667
55 0.4973958333333333 0.2125 0.078125 0.029166666666666667
56 0.4973958333333333 0.24166666666666667 0.06510416666666667 0.03333333333333333
58 0.7923177083333334 0.284375 0.08203125 0.03125
59 0.7923177083333334 0.315625 0.05078125 0.027083333333333334
42 0.5 0.3260416666666667 0.08333333333333333 0.03125
33 0.501953125 0.64375 0.06380208333333333 0.04583333333333333
34 0.498046875 0.8197916666666667 0.048177083333333336 0.027083333333333334
6 0.5794270833333334 0.721875 0.03125 0.03958333333333333
8 0.5904947916666666 0.778125 0.045572916666666664 0.07291666666666667
11 0.6302083333333334 0.7229166666666667 0.020833333333333332 0.0375
14 0.6490885416666666 0.7822916666666667 0.03515625 0.06875
31 0.599609375 0.052083333333333336 0.12109375 0.0375
35 0.46875 0.715625 0.020833333333333332 0.035416666666666666
36 0.173828125 0.20833333333333334 0.024739583333333332 0.03333333333333333