42 0.4993489583333333 0.328125 0.17578125 0.035416666666666666
52 0.20052083333333334 0.284375 0.078125 0.027083333333333334
53 0.19986979166666666 0.30625 0.040364583333333336 0.025
49 0.19856770833333334 0.6520833333333333 0.07942708333333333 0.025
50 0.197265625 0.678125 0.053385416666666664 0.027083333333333334
58 0.791015625 0.28541666666666665 0.07421875 0.025
59 0.791015625 0.3125 0.06380208333333333 0.029166666666666667
61 0.7923177083333334 0.6489583333333333 0.07942708333333333 0.03125
62 0.7890625 0.675 0.044270833333333336 0.020833333333333332
16 0.388671875 0.44895833333333335 0.045572916666666664 0.035416666666666666
21 0.4440104166666667 0.44895833333333335 0.049479166666666664 0.03958333333333333
26 0.4967447916666667 0.4479166666666667 0.04296875 0.029166666666666667
43 0.556640625 0.4479166666666667 0.053385416666666664 0.041666666666666664
6 0.5872395833333334 0.7208333333333333 0.044270833333333336 0.03333333333333333
11 0.6419270833333334 0.71875 0.044270833333333336 0.041666666666666664
18 0.3958333333333333 0.5125 0.036458333333333336 0.06666666666666667
24 0.4524739583333333 0.5104166666666666 0.03515625 0.058333333333333334
27 0.505859375 0.5135416666666667 0.040364583333333336 0.06458333333333334
47 0.560546875 0.5104166666666666 0.032552083333333336 0.07083333333333333
8 0.595703125 0.7822916666666667 0.037760416666666664 0.08125
10 0.6484375 0.7802083333333333 0.036458333333333336 0.07291666666666667
31 0.5904947916666666 0.042708333333333334 0.11067708333333333 0.027083333333333334