52 0.20030208333333333 0.28241666666666665 0.08550520833333332 0.038441666666666666
53 0.20334375000000002 0.31367500000000004 0.08636979166666668 0.04262499999999998
49 0.19856770833333334 0.6467416666666667 0.08203125 0.03793333333333332
50 0.19965104166666667 0.6738333333333334 0.08159895833333332 0.04210833333333331
34 0.49717708333333327 0.8211 0.08550520833333332 0.03384166666666658
61 0.7914479166666666 0.6509083333333333 0.08029687500000003 0.03238333333333325
62 0.790796875 0.6745249999999999 0.07639062500000003 0.03238333333333325
58 0.790796875 0.27998333333333336 0.07639062500000003 0.029408333333333304
59 0.7940520833333333 0.3077666666666667 0.08029687500000003 0.034983333333333345
36 0.7630208333333334 0.21260833333333332 0.022567708333333294 0.04465833333333336
35 0.7641041666666666 0.56825 0.020401041666666706 0.03928333333333342
42 0.5 0.32548333333333335 0.13541666666666666 0.041241666666666676
16 0.3901927083333333 0.449475 0.051213541666666626 0.035049999999999956
20 0.3984375 0.5036583333333333 0.036458333333333336 0.07675833333333325
21 0.4440104166666667 0.448775 0.044270833333333336 0.04200000000000008
23 0.450953125 0.5053916666666667 0.03732812500000004 0.07606666666666664
26 0.4911041666666666 0.4505166666666667 0.031682291666666626 0.04130833333333328
27 0.50390625 0.507475 0.0390625 0.08023333333333331
43 0.5540364583333334 0.449475 0.048177083333333336 0.04339166666666661
44 0.5572916666666666 0.501575 0.041666666666666664 0.08092499999999991
31 0.5928802083333333 0.044158333333333334 0.10764062500000003 0.03693333333333334