16 0.3841145833333333 0.45208333333333334 0.041666666666666664 0.0375
21 0.4401041666666667 0.44895833333333335 0.041666666666666664 0.03958333333333333
26 0.4921875 0.44895833333333335 0.036458333333333336 0.03958333333333333
52 0.201171875 0.284375 0.07421875 0.022916666666666665
53 0.19856770833333334 0.309375 0.048177083333333336 0.03125
55 0.498046875 0.21145833333333333 0.07682291666666667 0.022916666666666665
56 0.4954427083333333 0.2375 0.053385416666666664 0.029166666666666667
42 0.4993489583333333 0.32395833333333335 0.12890625 0.04375
59 0.791015625 0.31354166666666666 0.06901041666666667 0.03125
63 0.7936197916666666 0.26458333333333334 0.08203125 0.14583333333333334
61 0.7923177083333334 0.65 0.07682291666666667 0.029166666666666667
62 0.7916666666666666 0.678125 0.07291666666666667 0.027083333333333334
34 0.5006510416666666 0.81875 0.061197916666666664 0.029166666666666667
18 0.396484375 0.5114583333333333 0.040364583333333336 0.06458333333333334
25 0.4518229166666667 0.5104166666666666 0.036458333333333336 0.0625
27 0.5071614583333334 0.5083333333333333 0.040364583333333336 0.07083333333333333
44 0.5598958333333334 0.5083333333333333 0.033854166666666664 0.07083333333333333
40 0.6126302083333334 0.5104166666666666 0.045572916666666664 0.0625
43 0.552734375 0.4510416666666667 0.048177083333333336 0.035416666666666666
37 0.5989583333333334 0.4510416666666667 0.0234375 0.03958333333333333
31 0.6041666666666666 0.046875 0.12239583333333333 0.03125