49 0.19921875 0.65 0.08333333333333333 0.025
50 0.20052083333333334 0.675 0.057291666666666664 0.03333333333333333
52 0.20182291666666666 0.28854166666666664 0.08333333333333333 0.022916666666666665
53 0.20442708333333334 0.3104166666666667 0.0625 0.029166666666666667
55 0.4986979166666667 0.21145833333333333 0.08333333333333333 0.03125
56 0.49609375 0.23541666666666666 0.052083333333333336 0.025
58 0.794921875 0.28125 0.07682291666666667 0.025
59 0.794921875 0.3125 0.053385416666666664 0.025
42 0.4993489583333333 0.32708333333333334 0.18359375 0.0375
60 0.7024739583333334 0.634375 0.08203125 0.04791666666666667
61 0.7923177083333334 0.65 0.07942708333333333 0.029166666666666667
62 0.7936197916666666 0.6770833333333334 0.06640625 0.029166666666666667
34 0.498046875 0.8208333333333333 0.04296875 0.029166666666666667
16 0.384765625 0.44583333333333336 0.032552083333333336 0.041666666666666664
21 0.4453125 0.453125 0.049479166666666664 0.035416666666666666
19 0.3971354166666667 0.5114583333333333 0.036458333333333336 0.06041666666666667
23 0.451171875 0.5125 0.037760416666666664 0.0625
26 0.4967447916666667 0.44895833333333335 0.040364583333333336 0.03958333333333333
27 0.5045572916666666 0.5125 0.037760416666666664 0.0625
43 0.544921875 0.4510416666666667 0.029947916666666668 0.04375
47 0.5611979166666666 0.509375 0.036458333333333336 0.06875
37 0.5983072916666666 0.4510416666666667 0.02734375 0.03958333333333333
39 0.615234375 0.5104166666666666 0.037760416666666664 0.07083333333333333