49 0.19791666666666666 0.646875 0.08333333333333333 0.022916666666666665
50 0.197265625 0.6770833333333334 0.055989583333333336 0.0375
16 0.3860677083333333 0.45 0.03515625 0.0375
19 0.3971354166666667 0.509375 0.036458333333333336 0.06458333333333334
21 0.4368489583333333 0.45208333333333334 0.029947916666666668 0.0375
23 0.4518229166666667 0.5104166666666666 0.036458333333333336 0.06666666666666667
26 0.4889322916666667 0.453125 0.024739583333333332 0.04375
27 0.50390625 0.5125 0.0390625 0.06666666666666667
43 0.5403645833333334 0.4510416666666667 0.026041666666666668 0.035416666666666666
45 0.556640625 0.5072916666666667 0.040364583333333336 0.07291666666666667
6 0.5787760416666666 0.7239583333333334 0.02734375 0.035416666666666666
7 0.5885416666666666 0.7802083333333333 0.044270833333333336 0.07291666666666667
11 0.630859375 0.7270833333333333 0.024739583333333332 0.041666666666666664
14 0.6490885416666666 0.775 0.040364583333333336 0.075
55 0.4973958333333333 0.2125 0.078125 0.020833333333333332
56 0.4954427083333333 0.23958333333333334 0.053385416666666664 0.03333333333333333
58 0.7942708333333334 0.2833333333333333 0.078125 0.025
59 0.79296875 0.3145833333333333 0.057291666666666664 0.03333333333333333
61 0.7903645833333334 0.6489583333333333 0.08072916666666667 0.022916666666666665
62 0.7903645833333334 0.678125 0.057291666666666664 0.03125
36 0.763671875 0.5739583333333333 0.022135416666666668 0.027083333333333334
35 0.4694010416666667 0.7145833333333333 0.024739583333333332 0.03333333333333333