16 0.3815104166666667 0.45 0.03125 0.041666666666666664
20 0.39453125 0.5104166666666666 0.0390625 0.07083333333333333
21 0.435546875 0.4510416666666667 0.032552083333333336 0.03958333333333333
24 0.4479166666666667 0.5135416666666667 0.044270833333333336 0.06041666666666667
26 0.4895833333333333 0.4510416666666667 0.028645833333333332 0.035416666666666666
27 0.50390625 0.5104166666666666 0.041666666666666664 0.058333333333333334
43 0.5442708333333334 0.44895833333333335 0.03125 0.03958333333333333
47 0.5592447916666666 0.5083333333333333 0.037760416666666664 0.06666666666666667
37 0.6009114583333334 0.45208333333333334 0.029947916666666668 0.03333333333333333
41 0.6139322916666666 0.509375 0.040364583333333336 0.06458333333333334
63 0.7955729166666666 0.6239583333333333 0.08072916666666667 0.13125
58 0.7903645833333334 0.2833333333333333 0.08854166666666667 0.025
59 0.7942708333333334 0.3125 0.057291666666666664 0.0375
34 0.498046875 0.8197916666666667 0.07421875 0.035416666666666666
6 0.58203125 0.7208333333333333 0.033854166666666664 0.0375
11 0.6373697916666666 0.721875 0.032552083333333336 0.035416666666666666
9 0.58984375 0.7760416666666666 0.044270833333333336 0.07708333333333334
12 0.6451822916666666 0.7791666666666667 0.045572916666666664 0.075
12 0.5950520833333334 0.046875 0.1171875 0.035416666666666666