52 0.20160416666666667 0.28623333333333334 0.08290104166666665 0.04191666666666663
53 0.19965104166666667 0.313325 0.08159895833333332 0.037766666666666705
49 0.19834895833333333 0.648825 0.07899479166666665 0.03376666666666665
50 0.20008854166666667 0.675225 0.07725520833333335 0.05322499999999991
55 0.498046875 0.20982499999999998 0.08203125 0.03910000000000002
56 0.49891666666666673 0.23483333333333334 0.07855729166666668 0.03911666666666662
31 0.5928802083333333 0.04450833333333333 0.10764062500000003 0.03345833333333334
42 0.5008697916666667 0.326525 0.13194270833333335 0.039158333333333344
63 0.501734375 0.7683166666666666 0.08680729166666665 0.14774166666666663
34 0.5004322916666666 0.8151916666666666 0.08420312499999998 0.05399166666666664
6 0.58571875 0.7196750000000001 0.01779687500000004 0.033799999999999955
7 0.591578125 0.7773333333333333 0.016494791666666706 0.0741166666666667
11 0.6432291666666666 0.7207166666666667 0.020833333333333332 0.040049999999999954
13 0.6451822916666666 0.7745583333333333 0.016927083333333332 0.06855833333333332
61 0.7925364583333334 0.6516083333333333 0.07985937499999997 0.030983333333333387
62 0.79296875 0.675225 0.07552083333333333 0.03655833333333324
58 0.7897135416666666 0.28310833333333335 0.08203125 0.031499999999999966
59 0.7916666666666666 0.3119416666666667 0.078125 0.05165833333333334
16 0.3914947916666666 0.4532916666666667 0.04860937499999996 0.046866666666666675
19 0.3975677083333334 0.5130333333333333 0.0399322916666667 0.06634166666666658
21 0.4446614583333333 0.45364166666666667 0.053385416666666664 0.04339166666666661
23 0.4507395833333333 0.5119916666666666 0.039494791666666626 0.06842499999999992
26 0.49609375 0.448775 0.044270833333333336 0.04200000000000008
27 0.5034739583333333 0.5029583333333333 0.0381927083333333 0.0753666666666667
43 0.5499114583333333 0.449475 0.03732812500000004 0.035049999999999956
44 0.5609791666666666 0.5043500000000001 0.04123437500000004 0.07814999999999998
37 0.6085052083333333 0.44912500000000005 0.04514062500000004 0.03852500000000002
39 0.615234375 0.5022666666666666 0.040364583333333336 0.07397499999999999