55 0.498046875 0.21041666666666667 0.08203125 0.025
56 0.5 0.23333333333333334 0.049479166666666664 0.025
52 0.20247395833333334 0.284375 0.08463541666666667 0.027083333333333334
53 0.20572916666666666 0.31354166666666666 0.059895833333333336 0.027083333333333334
35 0.17122395833333334 0.20416666666666666 0.022135416666666668 0.041666666666666664
36 0.17122395833333334 0.5739583333333333 0.01953125 0.035416666666666666
42 0.498046875 0.3260416666666667 0.17838541666666666 0.03125
16 0.3828125 0.44895833333333335 0.028645833333333332 0.03125
19 0.3958333333333333 0.5104166666666666 0.0390625 0.06666666666666667
21 0.4368489583333333 0.45208333333333334 0.029947916666666668 0.0375
23 0.451171875 0.5114583333333333 0.037760416666666664 0.06041666666666667
26 0.4908854166666667 0.45 0.026041666666666668 0.041666666666666664
27 0.5013020833333334 0.5125 0.033854166666666664 0.06666666666666667
49 0.19856770833333334 0.6479166666666667 0.08463541666666667 0.029166666666666667
50 0.203125 0.675 0.0546875 0.029166666666666667
58 0.7942708333333334 0.28541666666666665 0.07552083333333333 0.025
59 0.791015625 0.3104166666666667 0.053385416666666664 0.03333333333333333
61 0.7923177083333334 0.6489583333333333 0.07421875 0.022916666666666665
62 0.7962239583333334 0.6760416666666667 0.06901041666666667 0.035416666666666666
34 0.4993489583333333 0.8177083333333334 0.05859375 0.03958333333333333