49 0.201171875 0.6520833333333333 0.07942708333333333 0.03333333333333333
50 0.20052083333333334 0.675 0.059895833333333336 0.029166666666666667
48 0.298828125 0.634375 0.053385416666666664 0.035416666666666666
52 0.20052083333333334 0.2833333333333333 0.078125 0.029166666666666667
53 0.19921875 0.3145833333333333 0.052083333333333336 0.029166666666666667
51 0.2994791666666667 0.259375 0.057291666666666664 0.03958333333333333
57 0.7005208333333334 0.2604166666666667 0.059895833333333336 0.041666666666666664
58 0.791015625 0.28541666666666665 0.07942708333333333 0.029166666666666667
59 0.7936197916666666 0.31145833333333334 0.07421875 0.035416666666666666
61 0.7942708333333334 0.6520833333333333 0.08072916666666667 0.025
62 0.7923177083333334 0.671875 0.037760416666666664 0.035416666666666666
34 0.4993489583333333 0.8145833333333333 0.05859375 0.03333333333333333