52 0.20247395833333334 0.28068333333333334 0.07942708333333333 0.03913333333333336
53 0.20225520833333333 0.31298333333333334 0.08159895833333332 0.04123333333333335
49 0.19986979166666666 0.6502166666666667 0.07942708333333333 0.030983333333333387
50 0.19856770833333334 0.6800833333333334 0.08723958333333333 0.03794999999999997
34 0.4986979166666667 0.8176249999999999 0.08072916666666667 0.03800833333333325
33 0.5045572916666666 0.64605 0.07421875 0.03654166666666659
48 0.2977447916666666 0.635625 0.059026041666666626 0.0323666666666666
42 0.5013020833333334 0.32548333333333335 0.18489583333333334 0.041241666666666676
6 0.587890625 0.72385 0.04296875 0.03935833333333335
9 0.5933177083333334 0.7811583333333333 0.035588541666666626 0.07759166666666659
11 0.638453125 0.720375 0.042536458333333374 0.035191666666666684
14 0.6499583333333334 0.7780333333333334 0.03689062499999996 0.08384166666666658
35 0.759765625 0.5758916666666667 0.022135416666666668 0.03789166666666669
61 0.78928125 0.6481333333333333 0.0811614583333333 0.032374999999999925
62 0.79296875 0.6773083333333333 0.08072916666666667 0.032391666666666576
58 0.7905833333333334 0.28276666666666667 0.07855729166666663 0.034966666666666694
59 0.7925364583333334 0.3126333333333334 0.07465104166666663 0.02804166666666665
36 0.7619375 0.20982499999999998 0.026473958333333294 0.03910000000000002
16 0.3838958333333334 0.4470333333333334 0.038630208333333374 0.04267500000000003
18 0.3958333333333333 0.5071249999999999 0.0390625 0.07535833333333339
21 0.4361979166666667 0.4491166666666667 0.03125 0.03850833333333337
22 0.4487864583333333 0.5099 0.04079687499999996 0.07257499999999993
26 0.4928385416666667 0.4539833333333333 0.032552083333333336 0.04824166666666675
29 0.5056406250000001 0.5092083333333333 0.034723958333333374 0.07119166666666672
43 0.5477447916666667 0.4494666666666667 0.035588541666666626 0.04337499999999996
45 0.556859375 0.506775 0.0381927083333333 0.0704916666666666
31 0.5894114583333334 0.044149999999999995 0.1085052083333333 0.028583333333333332