49 0.19921875 0.65 0.078125 0.03333333333333333
50 0.20052083333333334 0.6770833333333334 0.044270833333333336 0.025
52 0.203125 0.2864583333333333 0.08072916666666667 0.022916666666666665
53 0.20442708333333334 0.31145833333333334 0.059895833333333336 0.027083333333333334
55 0.49609375 0.21145833333333333 0.08072916666666667 0.03125
56 0.4967447916666667 0.240625 0.061197916666666664 0.03958333333333333
58 0.791015625 0.28541666666666665 0.08463541666666667 0.03333333333333333
59 0.7923177083333334 0.31354166666666666 0.04296875 0.027083333333333334
42 0.4986979166666667 0.32708333333333334 0.14583333333333334 0.0375
16 0.3841145833333333 0.4510416666666667 0.033854166666666664 0.035416666666666666
20 0.3958333333333333 0.5104166666666666 0.036458333333333336 0.06666666666666667
21 0.4342447916666667 0.45208333333333334 0.024739583333333332 0.0375
23 0.44921875 0.5104166666666666 0.033854166666666664 0.06666666666666667
26 0.4908854166666667 0.44895833333333335 0.028645833333333332 0.035416666666666666
28 0.505859375 0.5114583333333333 0.040364583333333336 0.06458333333333334
43 0.541015625 0.45 0.022135416666666668 0.0375
44 0.5598958333333334 0.5104166666666666 0.041666666666666664 0.06666666666666667
37 0.5983072916666666 0.4510416666666667 0.032552083333333336 0.03958333333333333
39 0.61328125 0.5114583333333333 0.0390625 0.06458333333333334
31 0.5930989583333334 0.04791666666666667 0.10807291666666667 0.029166666666666667
35 0.4694010416666667 0.13645833333333332 0.024739583333333332 0.035416666666666666
36 0.17317708333333334 0.20416666666666666 0.0234375 0.029166666666666667
61 0.7903645833333334 0.6458333333333334 0.08072916666666667 0.029166666666666667
62 0.7897135416666666 0.6739583333333333 0.048177083333333336 0.03125
34 0.4973958333333333 0.81875 0.049479166666666664 0.03333333333333333