42 0.4986979166666667 0.32395833333333335 0.14322916666666666 0.03958333333333333
52 0.20052083333333334 0.284375 0.078125 0.027083333333333334
53 0.19986979166666666 0.3125 0.053385416666666664 0.03333333333333333
55 0.498046875 0.21354166666666666 0.07942708333333333 0.01875
56 0.4954427083333333 0.23333333333333334 0.055989583333333336 0.03333333333333333
16 0.3854166666666667 0.4510416666666667 0.036458333333333336 0.035416666666666666
21 0.4361979166666667 0.4510416666666667 0.03125 0.035416666666666666
26 0.4895833333333333 0.45 0.028645833333333332 0.03333333333333333
6 0.5794270833333334 0.7239583333333334 0.028645833333333332 0.03958333333333333
11 0.6334635416666666 0.721875 0.032552083333333336 0.03958333333333333
58 0.7897135416666666 0.28541666666666665 0.07421875 0.020833333333333332
59 0.7897135416666666 0.31145833333333334 0.053385416666666664 0.027083333333333334
35 0.4680989583333333 0.7145833333333333 0.022135416666666668 0.029166666666666667
36 0.17252604166666666 0.20729166666666668 0.024739583333333332 0.022916666666666665
17 0.3984375 0.5125 0.036458333333333336 0.06666666666666667
22 0.4505208333333333 0.5083333333333333 0.0390625 0.06666666666666667
29 0.5052083333333334 0.5114583333333333 0.0390625 0.06041666666666667
14 0.6490885416666666 0.7854166666666667 0.037760416666666664 0.0625
8 0.5950520833333334 0.7854166666666667 0.033854166666666664 0.058333333333333334
34 0.5045572916666666 0.8177083333333334 0.06380208333333333 0.03125
31 0.595703125 0.04479166666666667 0.10807291666666667 0.035416666666666666