53 0.205078125 0.31354166666666666 0.06901041666666667 0.03958333333333333
52 0.20094791666666667 0.28245 0.07887499999999997 0.02804166666666665
49 0.19969270833333336 0.6500416666666666 0.08138020833333333 0.030049999999999955
50 0.19906770833333332 0.6780833333333334 0.0625989583333333 0.038058333333333395
48 0.301734375 0.6360166666666667 0.057593749999999964 0.03405833333333324
42 0.49954687500000006 0.328525 0.08013020833333334 0.02804166666666665
57 0.6998697916666666 0.26241666666666663 0.057593749999999964 0.03605833333333332
58 0.7931458333333333 0.2874583333333333 0.08138020833333333 0.03005000000000005
59 0.7925156250000001 0.3125 0.05007812500000005 0.02804166666666665
61 0.7925156250000001 0.6490416666666667 0.08263020833333339 0.03205000000000003
62 0.7893854166666666 0.6800916666666666 0.048828125 0.026041666666666668
60 0.6998697916666666 0.6330166666666667 0.05258333333333335 0.03605833333333332
33 0.499546875 0.643025 0.057593749999999964 0.040066666666666605
34 0.497046875 0.8233166666666667 0.04256770833333334 0.04406666666666676
6 0.5809270833333334 0.7221583333333333 0.03004687500000003 0.04206666666666668
9 0.595953125 0.7852583333333333 0.040062500000000036 0.06810833333333335
11 0.634765625 0.72015 0.027541666666666725 0.038058333333333395
13 0.6497916666666667 0.7842583333333334 0.035057291666666636 0.06209999999999998