42 0.50021875 0.32444166666666663 0.138453125 0.04332500000000001
49 0.19813541666666667 0.6512583333333333 0.08116145833333335 0.03445833333333326
50 0.19943750000000002 0.6800833333333334 0.08376562500000002 0.02960833333333331
34 0.49826562500000005 0.8193583333333333 0.08506770833333335 0.03732499999999997
36 0.4691822916666667 0.7169 0.02170312500000004 0.03657500000000009
35 0.17057291666666666 0.5724166666666667 0.0234375 0.03928333333333342
6 0.5755208333333334 0.7224583333333334 0.020833333333333332 0.03935833333333335
11 0.63303125 0.7196750000000001 0.0342864583333333 0.04213333333333329
9 0.5946197916666667 0.7766416666666667 0.03298437499999996 0.07272499999999998
13 0.6497395833333334 0.7766416666666667 0.033854166666666664 0.07272499999999998
61 0.7925364583333334 0.6498666666666667 0.0850677083333333 0.03168333333333332
62 0.7955729166666666 0.6800833333333334 0.08072916666666667 0.02960833333333331
4 0.6996510416666666 0.9489083333333334 0.1024322916666667 0.06169999999999997
3 0.8118489583333334 0.9523833333333332 0.10546875 0.06586666666666664
1 0.9290364583333334 0.9516833333333333 0.11588541666666667 0.06448333333333342
32 0.9405364583333333 0.8572166666666667 0.08941145833333337 0.05054166666666674
16 0.377171875 0.4501666666666667 0.02517187499999996 0.044775000000000016
18 0.396484375 0.5102583333333333 0.03515625 0.06911666666666672
21 0.4338125 0.4473916666666667 0.02126562499999996 0.03921666666666662
24 0.451171875 0.5019166666666667 0.03515625 0.07745000000000005
26 0.4874114583333334 0.4480833333333334 0.02691145833333337 0.04060833333333335
30 0.5054270833333333 0.5071333333333333 0.0342864583333333 0.0753666666666667
43 0.540796875 0.44843333333333335 0.024307291666666706 0.03713333333333329
47 0.560765625 0.5047 0.03298437499999996 0.08300833333333325