49 0.20052083333333334 0.65 0.08333333333333333 0.025
50 0.19856770833333334 0.6791666666666667 0.053385416666666664 0.029166666666666667
52 0.20247395833333334 0.28229166666666666 0.08723958333333333 0.027083333333333334
53 0.203125 0.31145833333333334 0.06510416666666667 0.03125
48 0.30078125 0.6375 0.07291666666666667 0.0375
51 0.3001302083333333 0.2604166666666667 0.06901041666666667 0.03333333333333333
42 0.4986979166666667 0.328125 0.125 0.03958333333333333
57 0.7005208333333334 0.26145833333333335 0.07291666666666667 0.03125
58 0.7936197916666666 0.2833333333333333 0.07682291666666667 0.029166666666666667
59 0.7942708333333334 0.3125 0.057291666666666664 0.029166666666666667
61 0.7916666666666666 0.6489583333333333 0.078125 0.035416666666666666
62 0.7942708333333334 0.6802083333333333 0.0546875 0.03125
36 0.763671875 0.20833333333333334 0.024739583333333332 0.03333333333333333
35 0.7649739583333334 0.5729166666666666 0.01953125 0.03333333333333333
33 0.5013020833333334 0.64375 0.06770833333333333 0.03333333333333333
34 0.4993489583333333 0.8229166666666666 0.055989583333333336 0.03333333333333333
16 0.3828125 0.446875 0.033854166666666664 0.035416666666666666
18 0.3938802083333333 0.5083333333333333 0.040364583333333336 0.06666666666666667
21 0.4342447916666667 0.44895833333333335 0.02734375 0.035416666666666666
22 0.4466145833333333 0.5083333333333333 0.041666666666666664 0.07083333333333333
26 0.4928385416666667 0.4510416666666667 0.037760416666666664 0.03958333333333333
29 0.50390625 0.5104166666666666 0.044270833333333336 0.06666666666666667
6 0.5813802083333334 0.7239583333333334 0.029947916666666668 0.03958333333333333
11 0.6328125 0.725 0.028645833333333332 0.05
9 0.5930989583333334 0.7864583333333334 0.040364583333333336 0.06041666666666667
14 0.6484375 0.778125 0.041666666666666664 0.07291666666666667