16 0.3782552083333333 0.449475 0.024739583333333332 0.04339166666666661
21 0.4312083333333333 0.44669166666666665 0.02126562499999996 0.037833333333333406
26 0.4878489583333333 0.4473916666666667 0.02777604166666663 0.03921666666666662
43 0.5425364583333334 0.44669166666666665 0.02777604166666663 0.037833333333333406
19 0.3971354166666667 0.5060833333333333 0.033854166666666664 0.06911666666666672
23 0.451390625 0.5071249999999999 0.03298437499999996 0.06703333333333338
30 0.5054270833333333 0.5033083333333334 0.0342864583333333 0.07189166666666665
45 0.5596770833333333 0.5071333333333333 0.03342187500000004 0.0753666666666667
6 0.576390625 0.72315 0.02777604166666663 0.04075000000000008
8 0.5941822916666666 0.7811583333333333 0.03732812500000004 0.07759166666666659
11 0.6332447916666666 0.7214166666666667 0.02691145833333337 0.04144166666666668
12 0.6490885416666666 0.7783749999999999 0.03515625 0.07203333333333338
4 0.6994375 0.9482083333333332 0.10980729166666663 0.06586666666666664
3 0.810328125 0.9492499999999999 0.10503645833333337 0.05544999999999997
1 0.9296875 0.9502999999999999 0.11979166666666667 0.07003333333333331
49 0.20095312499999998 0.6495249999999999 0.08420312499999998 0.035150000000000056
50 0.19834895833333333 0.6814749999999999 0.07899479166666665 0.032391666666666576
36 0.17100520833333333 0.5755416666666666 0.024307291666666644 0.04136666666666675
52 0.20008854166666667 0.28276666666666667 0.08246354166666668 0.034966666666666694
53 0.19899999999999998 0.31575833333333336 0.07769270833333332 0.03845833333333332
55 0.49891666666666673 0.20565833333333333 0.07855729166666668 0.030766666666666678
56 0.4963125 0.23691666666666666 0.0733489583333333 0.03494999999999995
42 0.49913020833333327 0.32617500000000005 0.138890625 0.034299999999999976
34 0.49782812499999995 0.8165749999999999 0.07899479166666665 0.048433333333333245
32 0.9390208333333334 0.8593000000000001 0.08376562499999997 0.046375000000000076
36 0.470703125 0.7113416666666666 0.02734375 0.03379166666666663