35 0.17122395833333334 0.20625 0.022135416666666668 0.029166666666666667
36 0.169921875 0.5739583333333333 0.016927083333333332 0.022916666666666665
49 0.19856770833333334 0.6510416666666666 0.08203125 0.027083333333333334
50 0.19986979166666666 0.678125 0.055989583333333336 0.027083333333333334
52 0.203125 0.284375 0.07291666666666667 0.03125
53 0.20052083333333334 0.31145833333333334 0.046875 0.027083333333333334
48 0.298828125 0.6333333333333333 0.055989583333333336 0.0375
51 0.298828125 0.26145833333333335 0.061197916666666664 0.035416666666666666
55 0.4967447916666667 0.21458333333333332 0.08463541666666667 0.020833333333333332
56 0.4954427083333333 0.23958333333333334 0.037760416666666664 0.029166666666666667
58 0.79296875 0.2875 0.078125 0.020833333333333332
59 0.7923177083333334 0.31145833333333334 0.048177083333333336 0.03125
42 0.4986979166666667 0.328125 0.07552083333333333 0.035416666666666666
33 0.501953125 0.64375 0.055989583333333336 0.03333333333333333
61 0.7897135416666666 0.653125 0.07682291666666667 0.022916666666666665
62 0.791015625 0.675 0.05078125 0.03333333333333333
34 0.501953125 0.81875 0.055989583333333336 0.029166666666666667
6 0.5859375 0.7197916666666667 0.0390625 0.04375
11 0.6380208333333334 0.71875 0.044270833333333336 0.041666666666666664
7 0.59375 0.78125 0.041666666666666664 0.07083333333333333
12 0.650390625 0.7854166666666667 0.03515625 0.06666666666666667
31 0.5911458333333334 0.04791666666666667 0.10677083333333333 0.025