52 0.20095312499999998 0.28485 0.07899479166666665 0.03080000000000003
53 0.19878645833333333 0.3168 0.07985937500000002 0.036374999999999984
49 0.19965104166666667 0.6467416666666667 0.08159895833333332 0.02959166666666666
50 0.19965104166666667 0.6800833333333334 0.08159895833333332 0.02960833333333331
34 0.4973958333333333 0.8204 0.078125 0.035241666666666636
48 0.301 0.636325 0.06814062499999997 0.03375833333333333
33 0.5054270833333334 0.6446583333333333 0.06553645833333335 0.03375833333333333
51 0.2994791666666667 0.261925 0.057291666666666664 0.04329166666666671
55 0.49782812499999995 0.2074 0.08420312499999998 0.03840833333333336
56 0.49761458333333336 0.23344166666666666 0.08116145833333335 0.03633333333333335
58 0.7923177083333334 0.28554166666666664 0.07682291666666667 0.03219166666666666
59 0.7916666666666666 0.30672499999999997 0.078125 0.037066666666666685
57 0.5963541666666666 0.24178333333333332 0.057291666666666664 0.04467500000000001
6 0.5768229166666666 0.72315 0.0234375 0.04908333333333341
8 0.5941822916666666 0.78185 0.03732812500000004 0.06230833333333332
11 0.630640625 0.7221083333333334 0.02691145833333337 0.03450000000000008
14 0.6508229166666666 0.7780333333333334 0.038630208333333374 0.07550833333333325
42 0.4986979166666667 0.326875 0.0859375 0.044025000000000036
36 0.16970312499999998 0.5724166666666667 0.02170312499999998 0.04761666666666675
35 0.171875 0.21190833333333334 0.020833333333333332 0.034933333333333344