49 0.19856770833333334 0.6489583333333333 0.07942708333333333 0.027083333333333334
50 0.19791666666666666 0.678125 0.06510416666666667 0.027083333333333334
52 0.20182291666666666 0.290625 0.0859375 0.027083333333333334
53 0.20182291666666666 0.309375 0.0625 0.035416666666666666
56 0.49609375 0.2375 0.08072916666666667 0.03333333333333333
55 0.49609375 0.209375 0.08333333333333333 0.03125
58 0.7897135416666666 0.28125 0.08203125 0.0375
59 0.78515625 0.30833333333333335 0.046875 0.03333333333333333
42 0.5006510416666666 0.32708333333333334 0.14973958333333334 0.029166666666666667
16 0.3834635416666667 0.45 0.029947916666666668 0.03333333333333333
17 0.3932291666666667 0.509375 0.041666666666666664 0.06041666666666667
21 0.4329427083333333 0.453125 0.022135416666666668 0.04375
22 0.447265625 0.5072916666666667 0.045572916666666664 0.06875
26 0.4908854166666667 0.45416666666666666 0.028645833333333332 0.041666666666666664
28 0.5026041666666666 0.509375 0.041666666666666664 0.06875
43 0.5442708333333334 0.44895833333333335 0.03125 0.03958333333333333
47 0.5579427083333334 0.5072916666666667 0.04296875 0.06875
6 0.5846354166666666 0.7208333333333333 0.036458333333333336 0.0375
9 0.5944010416666666 0.7802083333333333 0.040364583333333336 0.07291666666666667
11 0.6354166666666666 0.7208333333333333 0.033854166666666664 0.0375
15 0.6458333333333334 0.7854166666666667 0.041666666666666664 0.06666666666666667
34 0.4973958333333333 0.8208333333333333 0.0625 0.0375
36 0.171875 0.575 0.020833333333333332 0.041666666666666664
35 0.4680989583333333 0.13229166666666667 0.01953125 0.027083333333333334