63 0.7903645833333334 0.2635416666666667 0.08333333333333333 0.13958333333333334
36 0.17122395833333334 0.575 0.022135416666666668 0.029166666666666667
35 0.7630208333333334 0.209375 0.020833333333333332 0.027083333333333334
49 0.20052083333333334 0.6510416666666666 0.078125 0.027083333333333334
50 0.19791666666666666 0.6791666666666667 0.044270833333333336 0.03333333333333333
59 0.7916666666666666 0.31145833333333334 0.0625 0.035416666666666666
61 0.796875 0.65 0.0859375 0.029166666666666667
62 0.79296875 0.6739583333333333 0.0390625 0.027083333333333334
34 0.5006510416666666 0.8166666666666667 0.06640625 0.03333333333333333
42 0.501953125 0.3260416666666667 0.07942708333333333 0.03958333333333333
31 0.6015625 0.04583333333333333 0.13020833333333334 0.0375