31 0.595703125 0.046875 0.11067708333333333 0.022916666666666665
63 0.201171875 0.2604166666666667 0.08723958333333333 0.14583333333333334
42 0.5 0.328125 0.1015625 0.03125
49 0.201171875 0.6479166666666667 0.07942708333333333 0.020833333333333332
50 0.197265625 0.6770833333333334 0.037760416666666664 0.025
58 0.7923177083333334 0.2833333333333333 0.07682291666666667 0.03333333333333333
59 0.791015625 0.3145833333333333 0.053385416666666664 0.025
61 0.79296875 0.6458333333333334 0.08333333333333333 0.03333333333333333
62 0.791015625 0.6770833333333334 0.06901041666666667 0.0375
16 0.3860677083333333 0.45 0.037760416666666664 0.04583333333333333
18 0.3958333333333333 0.5072916666666667 0.036458333333333336 0.07708333333333334
21 0.443359375 0.4479166666666667 0.045572916666666664 0.041666666666666664
22 0.44921875 0.5041666666666667 0.0390625 0.075
26 0.4973958333333333 0.44895833333333335 0.041666666666666664 0.04791666666666667
29 0.50390625 0.5135416666666667 0.0390625 0.06041666666666667
43 0.5494791666666666 0.453125 0.036458333333333336 0.04375
45 0.5598958333333334 0.5114583333333333 0.0390625 0.06458333333333334
37 0.6022135416666666 0.459375 0.032552083333333336 0.05625
40 0.6145833333333334 0.509375 0.036458333333333336 0.07291666666666667
6 0.5774739583333334 0.7239583333333334 0.024739583333333332 0.035416666666666666
9 0.5911458333333334 0.7854166666666667 0.044270833333333336 0.06666666666666667
11 0.6315104166666666 0.7260416666666667 0.028645833333333332 0.03958333333333333
14 0.6471354166666666 0.7864583333333334 0.0390625 0.06458333333333334
34 0.4973958333333333 0.8197916666666667 0.0390625 0.035416666666666666