52 0.19878645833333333 0.28485 0.07985937500000002 0.03080000000000003
53 0.20269270833333333 0.3126333333333334 0.07725520833333335 0.036374999999999984
49 0.20139062500000002 0.649175 0.07985937500000002 0.030291666666666592
50 0.20095312499999998 0.6835583333333333 0.07899479166666665 0.03655833333333324
55 0.49717708333333327 0.20635833333333334 0.08550520833333332 0.0404916666666667
56 0.4993489583333333 0.23865 0.07942708333333333 0.03425000000000002
42 0.4986979166666667 0.32305 0.07552083333333333 0.040549999999999975
54 0.59375 0.24247500000000002 0.052083333333333336 0.046066666666666645
34 0.4986979166666667 0.8155333333333333 0.07552083333333333 0.04218333333333324
51 0.299046875 0.635625 0.05642187499999996 0.0323666666666666
6 0.583765625 0.72315 0.042536458333333374 0.04075000000000008
9 0.595484375 0.7808083333333333 0.0399322916666667 0.07273333333333332
11 0.634765625 0.7217583333333334 0.032552083333333336 0.03796666666666662
15 0.6510416666666666 0.7773333333333333 0.036458333333333336 0.0741166666666667
32 0.9418385416666666 0.8575583333333333 0.09201562500000003 0.05540000000000001
4 0.6976979166666666 0.9492499999999999 0.1063385416666667 0.0637833333333333
2 0.8116302083333333 0.9523833333333332 0.1024322916666667 0.06586666666666664
5 0.92990625 0.9496 0.11761979166666663 0.06030833333333324
31 0.5902760416666666 0.04624166666666667 0.10764062500000003 0.03276666666666667
35 0.4696197916666666 0.13480833333333334 0.022567708333333294 0.039066666666666666
36 0.17014062500000002 0.5727666666666668 0.02777604166666669 0.04414166666666669