42 0.5006510416666666 0.32916666666666666 0.07942708333333333 0.03333333333333333
49 0.19921875 0.6510416666666666 0.08333333333333333 0.03125
50 0.19921875 0.6739583333333333 0.06770833333333333 0.035416666666666666
48 0.2975260416666667 0.634375 0.05859375 0.03125
52 0.19921875 0.28541666666666665 0.078125 0.025
53 0.201171875 0.31145833333333334 0.05859375 0.035416666666666666
57 0.6998697916666666 0.2604166666666667 0.053385416666666664 0.029166666666666667
58 0.7936197916666666 0.2864583333333333 0.07421875 0.027083333333333334
59 0.7955729166666666 0.3125 0.057291666666666664 0.0375
61 0.79296875 0.6489583333333333 0.08072916666666667 0.027083333333333334
62 0.79296875 0.678125 0.046875 0.03125
60 0.6985677083333334 0.6333333333333333 0.05859375 0.0375
33 0.5026041666666666 0.6447916666666667 0.0546875 0.027083333333333334
34 0.4986979166666667 0.81875 0.046875 0.03333333333333333
6 0.5787760416666666 0.7208333333333333 0.029947916666666668 0.0375
11 0.6341145833333334 0.7229166666666667 0.028645833333333332 0.03333333333333333
9 0.5963541666666666 0.7833333333333333 0.036458333333333336 0.06666666666666667
13 0.6510416666666666 0.7854166666666667 0.0390625 0.0625