42 0.49631250000000005 0.32513333333333333 0.13584895833333335 0.02804166666666665
49 0.19791666666666666 0.6481333333333333 0.08333333333333333 0.032374999999999925
50 0.19878645833333333 0.6793916666666666 0.07985937500000002 0.028216666666666584
35 0.17144270833333333 0.5731083333333333 0.02517187500000002 0.023999999999999962
36 0.4694010416666667 0.7144666666666667 0.024739583333333332 0.03587499999999996
34 0.4993489583333333 0.8179666666666666 0.07942708333333333 0.03454166666666671
6 0.5755208333333334 0.720375 0.020833333333333332 0.035191666666666684
11 0.6276041666666666 0.7207166666666667 0.020833333333333332 0.040049999999999954
9 0.5950520833333334 0.7776833333333334 0.033854166666666664 0.07897499999999999
9 0.6497395833333334 0.7776833333333334 0.033854166666666664 0.07897499999999999
4 0.6979166666666666 0.9520333333333334 0.109375 0.06934166666666669
3 0.8116302083333333 0.9496 0.10764062500000003 0.06864166666666657
1 0.931421875 0.9482083333333332 0.1180572916666667 0.06586666666666664
32 0.9405364583333333 0.855125 0.08941145833333337 0.04636666666666665
61 0.79275 0.648825 0.0829010416666667 0.03375833333333333
62 0.7918854166666667 0.6786916666666666 0.0811614583333333 0.026833333333333372
16 0.3780364583333334 0.45155833333333334 0.02170312500000004 0.04755833333333328
18 0.3973541666666666 0.5126833333333334 0.03689062499999996 0.06981666666666664
21 0.43359375 0.4480833333333334 0.0234375 0.03227500000000001
24 0.450953125 0.504 0.0321197916666667 0.07328333333333338
26 0.48828125 0.4505166666666667 0.028645833333333332 0.041299999999999955
30 0.5073802083333333 0.5057416666666666 0.035588541666666626 0.07259166666666658