52 0.20052083333333334 0.281375 0.08333333333333333 0.03219166666666666
53 0.19943750000000002 0.31055000000000005 0.08376562500000002 0.04054166666666665
49 0.19813541666666667 0.64535 0.08116145833333335 0.035150000000000056
50 0.19878645833333333 0.6807833333333334 0.07985937500000002 0.03933333333333337
34 0.5 0.82145 0.08854166666666667 0.03314166666666665
33 0.5026041666666666 0.6439666666666667 0.052083333333333336 0.040708333333333256
60 0.6996510416666666 0.6318083333333333 0.0555572916666667 0.037225000000000064
61 0.79296875 0.64535 0.08072916666666667 0.035150000000000056
62 0.7938385416666667 0.675225 0.08246354166666663 0.04489166666666657
35 0.7625885416666667 0.571725 0.02517187499999996 0.03789166666666669
36 0.7625885416666667 0.2112166666666667 0.02517187499999996 0.03354166666666669
58 0.7925364583333334 0.28623333333333334 0.07985937499999997 0.0335833333333333
59 0.79275 0.30915833333333337 0.07769270833333337 0.03775833333333329
57 0.701390625 0.261925 0.0538177083333333 0.04329166666666671
42 0.5008697916666667 0.3275666666666667 0.08506770833333335 0.03707500000000001
48 0.2964427083333333 0.6370166666666667 0.05642187499999996 0.035150000000000056
6 0.5824635416666666 0.7210666666666666 0.034723958333333374 0.03658333333333341
8 0.595484375 0.778725 0.034723958333333374 0.07689999999999998
11 0.64040625 0.7221083333333334 0.038630208333333374 0.04283333333333341
15 0.650171875 0.7811583333333333 0.0399322916666667 0.07759166666666659
31 0.59375 0.045899999999999996 0.11458333333333333 0.03624166666666667